BJD - 2454833, Corrected Flux
2307.550903841, 0.809849333,
2307.571336040, 0.815532788,
2307.591768338, 0.819354431,
2307.612200436, 0.822162351,
2307.632632633, 0.823011801,
2307.653064929, 0.830465838,
2307.673497026, 0.837928755,
2307.693929221, 0.826282634,
2307.714361516, 0.812667947,
2307.734793611, 0.806706339,
2307.755225905, 0.818065856,
2307.775658099, 0.825413458,
2307.796090192, 0.824725400,
2307.816522485, 0.825133081,
2307.836954677, 0.825522704,
2307.857386769, 0.825629018,
2307.877819061, 0.825772846,
2307.898251252, 0.827007016,
2307.918683442, 0.827620805,
2307.939115632, 0.827457547,
2307.959547822, 0.827642012,
2307.979980011, 0.827741101,
2308.000412199, 0.828309170,
2308.020844387, 0.827717146,
2308.041276574, 0.826542846,
2308.061708862, 0.826558857,
2308.082140948, 0.825406524,
2308.102573235, 0.825924422,
2308.123005320, 0.825761781,
2308.143437505, 0.825501002,
2308.163869790, 0.824872751,
2308.184301874, 0.823060398,
2308.204734058, 0.822726924,
2308.225166341, 0.823061102,
2308.245598424, 0.823183704,
2308.266030606, 0.823335558,
2308.286462889, 0.824438542,
2308.306894970, 0.825016353,
2308.327327151, 0.825947141,
2308.347759431, 0.827846322,
2308.368191511, 0.829095711,
2308.388623690, 0.829830650,
2308.409055970, 0.829113334,
2308.429488148, 0.829536708,
2308.449920226, 0.830282535,
2308.470352504, 0.829353700,
2308.490784681, 0.828168794,
2308.531649034, 0.826805106,
2308.552081210, 0.825590394,
2308.572513385, 0.824237809,
2308.592945560, 0.823036541,
2308.613377734, 0.817804944,
2308.633810008, 0.802150561,
2308.654242081, 0.800049221,
2308.674674254, 0.811298551,
2308.695106527, 0.812030127,
2308.715538599, 0.810647807,
2308.735970770, 0.809209723,
2308.756403041, 0.808181187,
2308.776835112, 0.807290719,
2308.797267282, 0.808302826,
2308.817699552, 0.810835890,
2308.838131621, 0.812582927,
2308.858563789, 0.814352891,
2308.878996058, 0.814146409,
2308.899428125, 0.815088237,
2308.919860393, 0.815578487,
2308.940292460, 0.814617705,
2308.960724626, 0.815743326,
2308.981156892, 0.815409664,
2309.001589057, 0.815468275,
2309.022021122, 0.815536990,
2309.042453387, 0.815618496,
2309.062885551, 0.815043777,
2309.083317614, 0.813446787,
2309.103749877, 0.813748481,
2309.124182040, 0.813783291,
2309.144614102, 0.814656314,
2309.165046364, 0.815635620,
2309.185478525, 0.815889542,
2309.205910586, 0.817113083,
2309.226342846, 0.817843387,
2309.246775006, 0.818710396,
2309.267207165, 0.819804210,
2309.287639324, 0.819608472,
2309.308071483, 0.818872209,
2309.328503641, 0.819624914,
2309.348935798, 0.818509206,
2309.369367955, 0.817192370,
2309.389800212, 0.816758222,
2309.410232268, 0.815621836,
2309.430664424, 0.813899873,
2309.451096679, 0.811655240,
2309.471528834, 0.810315103,
2309.512393142, 0.814671208,
2309.532825295, 0.806291208,
2309.553257348, 0.793612063,
2309.573689601, 0.799037639,
2309.594121753, 0.809890299,
2309.614553804, 0.810467699,
2309.634986055, 0.809398118,
2309.655418106, 0.809163674,
2309.675850256, 0.808796859,
2309.696282506, 0.809197475,
2309.716714555, 0.808706819,
2309.737146704, 0.808194254,
2309.757578952, 0.807856739,
2309.778011000, 0.807026881,
2309.798443147, 0.808706549,
2309.818875394, 0.809824359,
2309.839307540, 0.809695882,
2309.859739687, 0.810019620,
2309.880171832, 0.809899191,
2309.900603977, 0.810153125,
2309.921036221, 0.810122089,
2309.941468266, 0.809669799,
2309.961900410, 0.808815409,
2309.982332653, 0.807498009,
2310.002764696, 0.806821953,
2310.023196838, 0.807236228,
2310.043629080, 0.807480127,
2310.064061121, 0.807734364,
2310.084493262, 0.807256763,
2310.104925503, 0.809876051,
2310.125357542, 0.812030848,
2310.145789682, 0.813891887,
2310.166221921, 0.813938764,
2310.186653960, 0.813241986,
2310.207086098, 0.812704770,
2310.227518336, 0.813334338,
2310.247950374, 0.813647466,
2310.268382510, 0.813759735,
2310.288814746, 0.812242114,
2310.309246882, 0.810717305,
2310.329679018, 0.808383717,
2310.350111153, 0.805316770,
2310.370543188, 0.807099023,
2310.390975422, 0.807022868,
2310.411407556, 0.808972522,
2310.431839589, 0.809649441,
2310.452271822, 0.799536606,
2310.493135986, 0.794705446,
2310.513568217, 0.799519274,
2310.534000348, 0.798280765,
2310.554432379, 0.796996774,
2310.574864609, 0.797980215,
2310.595296738, 0.798576993,
2310.615728767, 0.799827884,
2310.636160996, 0.800416538,
2310.656593124, 0.800206864,
2310.677025252, 0.800085875,
2310.697457380, 0.800304103,
2310.738321633, 0.810714377,
2310.758753859, 0.807786200,
2310.779185884, 0.806907209,
2310.799618010, 0.808344278,
2310.820050234, 0.809350144,
2310.840482259, 0.809518853,
2310.860914482, 0.809695223,
2310.881346605, 0.809783734,
2310.901778628, 0.809616482,
2310.922210851, 0.810265839,
2310.942642973, 0.811223850,
2310.963074994, 0.812822562,
2310.983507215, 0.812534817,
2311.003939336, 0.813515002,
2311.024371356, 0.814181424,
2311.044803576, 0.815427790,
2311.065235695, 0.815410170,
2311.085667714, 0.814806804,
2311.106099932, 0.814792546,
2311.126532050, 0.815559349,
2311.146964068, 0.815834437,
2311.167396284, 0.814307207,
2311.187828401, 0.811263465,
2311.228692633, 0.820421127,
2311.249124748, 0.815628476,
2311.269556763, 0.810941579,
2311.289988977, 0.809338521,
2311.310421091, 0.809301062,
2311.330853105, 0.808420731,
2311.351285318, 0.802277539,
2311.371717430, 0.787402144,
2311.392149642, 0.787317940,
2311.412581654, 0.801117671,
2311.433013766, 0.802690491,
2311.453445976, 0.802294490,
2311.473877987, 0.801131367,
2311.494310097, 0.800739707,
2311.514742306, 0.799133571,
2311.535174315, 0.800820421,
2311.555606424, 0.802087156,
2311.576038632, 0.800611779,
2311.596470739, 0.800335913,
2311.616902747, 0.801815838,
2311.637334954, 0.802176595,
2311.657767060, 0.802628935,
2311.678199066, 0.800928649,
2311.719063376, 0.810687636,
2311.739495381, 0.809678885,
2311.759927585, 0.810370979,
2311.780359689, 0.810199929,
2311.800791692, 0.808603651,
2311.821223895, 0.807248406,
2311.841655998, 0.806970939,
2311.862088100, 0.806292969,
2311.882520201, 0.807910901,
2311.902952202, 0.810518893,
2311.923384403, 0.811140248,
2311.943816503, 0.810192272,
2311.964248503, 0.811217331,
2311.984680702, 0.813616364,
2312.005112801, 0.814660513,
2312.025544899, 0.815144575,
2312.045976997, 0.815418883,
2312.066409095, 0.818921514,
2312.086841192, 0.826079356,
2312.107273289, 0.825381037,
2312.127705385, 0.826141320,
2312.148137481, 0.824510207,
2312.168569676, 0.822264441,
2312.209433765, 0.812857009,
2312.229865960, 0.811336241,
2312.250297954, 0.809237082,
2312.270730047, 0.798457599,
2312.291162239, 0.786412334,
2312.311594231, 0.791529251,
2312.332026324, 0.802140610,
2312.352458515, 0.802311187,
2312.372890506, 0.802148409,
2312.393322697, 0.802679188,
2312.413754787, 0.804935438,
2312.454618966, 0.810619765,
2312.475051055, 0.810878179,
2312.495483143, 0.810495231,
2312.515915231, 0.811555453,
2312.536347319, 0.812103055,
2312.556779406, 0.812725136,
2312.577211492, 0.810341829,
2312.597643579, 0.811017097,
2312.618075565, 0.812003438,
2312.638507750, 0.813313031,
2312.658939835, 0.813691192,
2312.679371819, 0.812662989,
2312.699804003, 0.812897424,
2312.720236087, 0.813581747,
2312.740668071, 0.813737640,
2312.761100253, 0.813490836,
2312.781532335, 0.815731864,
2312.801964317, 0.816570268,
2312.822396499, 0.817437482,
2312.842828580, 0.817418259,
2312.863260661, 0.817834035,
2312.883692741, 0.818451760,
2312.904124821, 0.819667782,
2312.924557000, 0.821309708,
2312.944988979, 0.821821789,
2312.965421058, 0.820599998,
2312.985853235, 0.818937863,
2313.006285313, 0.816552851,
2313.026717290, 0.815696814,
2313.047149467, 0.813588520,
2313.067581544, 0.814929218,
2313.088013519, 0.815538792,
2313.108445695, 0.815539902,
2313.128877770, 0.813539612,
2313.149309745, 0.813524692,
2313.190173993, 0.795258347,
2313.210605966, 0.789941400,
2313.231038139, 0.801366407,
2313.251470211, 0.806829782,
2313.271902283, 0.807449621,
2313.292334355, 0.806986892,
2313.312766426, 0.807011219,
2313.333198497, 0.807531044,
2313.353630567, 0.808602139,
2313.374062638, 0.806392414,
2313.394494607, 0.807740130,
2313.435358845, 0.814864194,
2313.455790913, 0.816737315,
2313.476222981, 0.816708285,
2313.496655048, 0.815793455,
2313.517087215, 0.814446791,
2313.537519182, 0.814557220,
2313.557951248, 0.814093391,
2313.578383414, 0.813546919,
2313.598815379, 0.814241074,
2313.619247444, 0.815520844,
2313.639679608, 0.817731576,
2313.660111572, 0.816603983,
2313.680543636, 0.817366370,
2313.700975799, 0.818503551,
2313.721407762, 0.819888193,
2313.741839824, 0.820825436,
2313.762271986, 0.821608272,
2313.782703947, 0.822341523,
2313.803136008, 0.821429613,
2313.823568169, 0.820311710,
2313.844000229, 0.822244331,
2313.864432189, 0.822629502,
2313.884864349, 0.821422087,
2313.905296407, 0.816491692,
2313.925728466, 0.816261307,
2313.946160524, 0.815204007,
2313.966592582, 0.818183667,
2313.987024639, 0.819267779,
2314.007456696, 0.817813464,
2314.027888752, 0.816418878,
2314.048320808, 0.816077966,
2314.068752864, 0.813714848,
2314.089184919, 0.809357754,
2314.109616974, 0.795469960,
2314.130049028, 0.801578269,
2314.170913135, 0.809140216,
2314.191345188, 0.809489065,
2314.211777241, 0.809626063,
2314.232209294, 0.811451518,
2314.252641345, 0.811247953,
2314.273073397, 0.808834525,
2314.293505448, 0.812432512,
2314.313937498, 0.811449005,
2314.334369548, 0.809600233,
2314.354801698, 0.810055807,
2314.375233647, 0.809879887,
2314.416097845, 0.818276259,
2314.436529793, 0.817697697,
2314.456961941, 0.817103765,
2314.477393988, 0.817569183,
2314.497825935, 0.816874028,
2314.518258081, 0.817458360,
2314.538690127, 0.818115439,
2314.559122073, 0.818326991,
2314.579554218, 0.817999742,
2314.599986263, 0.819865994,
2314.620418207, 0.820338604,
2314.640850351, 0.820747117,
2314.661282395, 0.821079057,
2314.681714438, 0.820265249,
2314.702146481, 0.820693767,
2314.722578523, 0.821744204,
2314.743010565, 0.823208615,
2314.763442606, 0.822420350,
2314.783874647, 0.822686131,
2314.804306688, 0.821395047,
2314.824738728, 0.818911185,
2314.845170768, 0.817565169,
2314.865602707, 0.813359632,
2314.906466885, 0.817051047,
2314.926899023, 0.816001527,
2314.947330961, 0.815788092,
2314.967762998, 0.815352285,
2314.988195135, 0.813746201,
2315.008627072, 0.803369884,
2315.029059108, 0.792854140,
2315.049491244, 0.799712998,
2315.069923179, 0.810586348,
2315.090355214, 0.810376032,
2315.110787348, 0.811318950,
2315.131219282, 0.810459508,
2315.151651316, 0.811433267,
2315.172083449, 0.812225692,
2315.192515482, 0.812607696,
2315.212947414, 0.812209324,
2315.233379547, 0.811266260,
2315.253811578, 0.811246509,
2315.274243509, 0.811988660,
2315.294675641, 0.813182381,
2315.315107671, 0.813256680,
2315.335539601, 0.812001958,
2315.355971730, 0.811781956,
2315.396835889, 0.819619494,
2315.417267817, 0.818697957,
2315.437699845, 0.818420003,
2315.458131972, 0.817973268,
2315.478563899, 0.819750423,
2315.498995926, 0.821384437,
2315.519427952, 0.823492223,
2315.539859979, 0.823154297,
2315.560292004, 0.824010426,
2315.580724029, 0.824828062,
2315.601156054, 0.826117338,
2315.621588079, 0.826426097,
2315.642020102, 0.826041230,
2315.662452126, 0.825300856,
2315.682884149, 0.825109519,
2315.703316272, 0.822510632,
2315.723748194, 0.819892311,
2315.744180216, 0.819259632,
2315.764612337, 0.818480562,
2315.785044259, 0.813409736,
2315.805476279, 0.812028367,
2315.825908400, 0.814572259,
2315.846340320, 0.816124165,
2315.887204458, 0.814676558,
2315.907636377, 0.811992409,
2315.928068495, 0.798126173,
2315.948500513, 0.795127253,
2315.968932430, 0.808663800,
2315.989364548, 0.815920777,
2316.009796564, 0.814565725,
2316.030228581, 0.814282660,
2316.071092612, 0.816478249,
2316.091524627, 0.817064728,
2316.111956642, 0.817711672,
2316.132388657, 0.818135949,
2316.152820670, 0.817933768,
2316.173252784, 0.818084301,
2316.193684697, 0.819619227,
2316.214116710, 0.819894003,
2316.234548722, 0.819391716,
2316.254980734, 0.818719629,
2316.275412645, 0.819173916,
2316.295844757, 0.818913479,
2316.316276767, 0.818872046,
2316.336708877, 0.819594645,
2316.377572797, 0.821677077,
2316.398004906, 0.822204251,
2316.418436815, 0.824737942,
2316.438868824, 0.826359153,
2316.459300931, 0.827025363,
2316.479732839, 0.827518687,
2316.500164846, 0.828033200,
2316.520596953, 0.827998013,
2316.541028959, 0.828704940,
2316.561460865, 0.829312135,
2316.581892971, 0.828983785,
2316.602324976, 0.828387451,
2316.622756881, 0.826993375,
2316.643188985, 0.823950216,
2316.663620989, 0.824406628,
2316.684052893, 0.822951493,
2316.704484996, 0.822954252,
2316.724916999, 0.822597079,
2316.745348901, 0.821215559,
2316.765781003, 0.819920695,
2316.786213005, 0.819042991,
2316.806645106, 0.816982068,
2316.827077007, 0.811710768,
2316.867941108, 0.794325143,
2316.949669004, 0.813261096,
2316.970101002, 0.816603531,
2316.990533100, 0.817665255,
2317.010964997, 0.818425409,
2317.031396994, 0.820033536,
2317.051828991, 0.821382902,
2317.072260987, 0.820705715,
2317.092692983, 0.819858354,
2317.113125079, 0.819518046,
2317.133556973, 0.822247205,
2317.153988968, 0.823181349,
2317.174421062, 0.824019125,
2317.194852956, 0.823436390,
2317.215285050, 0.823051120,
2317.235717043, 0.823180392,
2317.256148936, 0.823909262,
2317.276581028, 0.821894385,
2317.297013020, 0.822279809,
2317.317444911, 0.824541702,
2317.358308993, 0.822288977,
2317.378740983, 0.823102995,
2317.399172974, 0.823061193,
2317.419604963, 0.824118318,
2317.440036952, 0.827148056,
2317.460468941, 0.829348800,
2317.480900929, 0.829809488,
2317.501332918, 0.829401003,
2317.521764905, 0.829394306,
2317.542196892, 0.827799032,
2317.562628879, 0.825749937,
2317.583060966, 0.826745174,
2317.603492852, 0.825205392,
2317.623924838, 0.823178276,
2317.644356923, 0.821496768,
2317.664788808, 0.819283143,
2317.685220893, 0.817606205,
2317.705652877, 0.817514451,
2317.726084761, 0.817276261,
2317.746516844, 0.806266389,
2317.766948728, 0.795862447,
2317.787380710, 0.808561932,
2317.807812792, 0.821030550,
2317.848676656, 0.815906595,
2317.869108737, 0.819904780,
2317.889540618, 0.819836876,
2317.909972598, 0.821088881,
2317.930404678, 0.821495877,
2317.950836658, 0.821155152,
2317.971268537, 0.820477199,
2317.991700616, 0.820668072,
2318.012132595, 0.821355510,
2318.032564473, 0.821367251,
2318.052996550, 0.821027601,
2318.093860405, 0.822941534,
2318.114292481, 0.824067821,
2318.134724458, 0.823318397,
2318.155156533, 0.823057063,
2318.175588409, 0.826708107,
2318.196020384, 0.826166137,
2318.216452458, 0.825183700,
2318.236884333, 0.826251946,
2318.257316307, 0.826235995,
2318.277748380, 0.828011156,
2318.298180253, 0.829213210,
2318.359476171, 0.831545952,
2318.379908143, 0.830832820,
2318.400340214, 0.831181498,
2318.420772185, 0.830780272,
2318.441204056, 0.829973190,
2318.461636125, 0.829163034,
2318.482067995, 0.828660361,
2318.502499965, 0.826092864,
2318.522932034, 0.823004053,
2318.584227939, 0.821419517,
2318.604659806, 0.821455025,
2318.625091873, 0.820186960,
2318.645523840, 0.817365901,
2318.665955707, 0.801523891,
2318.686387773, 0.799625922,
2318.706819739, 0.815925674,
2318.727251604, 0.820991008,
2318.747683669, 0.822575733,
2318.768115633, 0.821464025,
2318.788547597, 0.821559427,
2318.829411525, 0.824036861,
2318.849843488, 0.825036611,
2318.870275551, 0.823375030,
2318.890707413, 0.824707064,
2318.911139375, 0.825080429,
2318.931571437, 0.823584123,
2318.952003297, 0.823892060,
2318.972435258, 0.824379838,
2318.992867319, 0.824061143,
2319.013299179, 0.826167403,
2319.033731239, 0.825435413,
2319.074595057, 0.825710839,
2319.095027116, 0.827225176,
2319.115459074, 0.827147604,
2319.135890932, 0.827400720,
2319.156322990, 0.829857936,
2319.176754847, 0.829999362,
2319.197186803, 0.829610416,
2319.217618860, 0.830605950,
2319.238050716, 0.832051864,
2319.258482672, 0.834424680,
2319.278914727, 0.835307307,
2319.299346682, 0.834842400,
2319.319778537, 0.833006847,
2319.340210591, 0.831904862,
2319.360642545, 0.829468866,
2319.381074398, 0.829670525,
2319.401506451, 0.827595843,
2319.421938404, 0.827462447,
2319.442370456, 0.825166246,
2319.462802308, 0.828968809,
2319.483234260, 0.828035067,
2319.503666312, 0.826249248,
2319.524098162, 0.827763681,
2319.564962163, 0.816156441,
2319.585394013, 0.803390558,
2319.605825963, 0.806903512,
2319.626258012, 0.820809971,
2319.646689860, 0.820598941,
2319.667121809, 0.820804441,
2319.687553857, 0.821291364,
2319.707985804, 0.821174814,
2319.728417652, 0.822362907,
2319.748849699, 0.822586112,
2319.769281645, 0.824880292,
2319.810145537, 0.821343519,
2319.830577483, 0.823087282,
2319.851009428, 0.826111518,
2319.871441373, 0.826823754,
2319.891873217, 0.828423193,
2319.912305261, 0.828516399,
2319.932737205, 0.828406816,
2319.953169148, 0.826423004,
2319.973601091, 0.827797370,
2319.994033033, 0.830340395,
2320.014464876, 0.830568781,
2320.034896918, 0.830002031,
2320.055328859, 0.829816230,
2320.075760700, 0.829896195,
2320.096192741, 0.830075422,
2320.116624682, 0.832409231,
2320.137056622, 0.833038198,
2320.157488561, 0.833148341,
2320.177920501, 0.832917081,
2320.198352440, 0.833633984,
2320.218784378, 0.837084029,
2320.239216317, 0.837768474,
2320.259648355, 0.837559060,
2320.300512129, 0.826964364,
2320.320944166, 0.827659873,
2320.341376103, 0.828342039,
2320.361807939, 0.827134020,
2320.382239975, 0.825765185,
2320.402671910, 0.825397128,
2320.423103745, 0.824363522,
2320.443535780, 0.822881633,
2320.463967714, 0.820506514,
2320.484399548, 0.810763338,
2320.504831582, 0.803713477,
2320.525263515, 0.814096645,
2320.545695448, 0.823534796,
2320.566127381, 0.824245287,
2320.586559313, 0.825231832,
2320.606991245, 0.823036378,
2320.627423176, 0.824115467,
2320.647855108, 0.824751995,
2320.668287039, 0.824549644,
2320.688718969, 0.825011503,
2320.709150899, 0.824708672,
2320.729582829, 0.825703200,
2320.750014758, 0.825445911,
2320.790878716, 0.828633505,
2320.811310544, 0.829792734,
2320.831742472, 0.829628606,
2320.852174500, 0.830573397,
2320.872606327, 0.830414548,
2320.893038254, 0.830609093,
2320.913470281, 0.830639745,
2320.933902107, 0.830259902,
2320.954334033, 0.829681146,
2320.974766058, 0.832942349,
2320.995197884, 0.834293412,
2321.015629809, 0.833725930,
2321.036061833, 0.835702257,
2321.056493657, 0.835143912,
2321.076925681, 0.835700476,
2321.097357604, 0.834459307,
2321.117789528, 0.834697481,
2321.138221450, 0.833656573,
2321.158653373, 0.835148539,
2321.179085295, 0.833619050,
2321.199517216, 0.831146287,
2321.219949138, 0.829798439,
2321.240381059, 0.829216553,
2321.281244900, 0.824651081,
2321.301676820, 0.823823188,
2321.322108840, 0.823330121,
2321.342540659, 0.822315525,
2321.362972578, 0.821689785,
2321.383404496, 0.818840058,
2321.403836414, 0.804301940,
2321.424268232, 0.802188161,
2321.444700250, 0.815860401,
2321.465132167, 0.822681861,
2321.485564184, 0.823377262,
2321.505996001, 0.823360690,
2321.526427917, 0.824211869,
2321.546859933, 0.824159170,
2321.567291748, 0.825978785,
2321.587723663, 0.827086537,
2321.608155678, 0.828828262,
2321.628587593, 0.829159549,
2321.649019407, 0.828208633,
2321.669451420, 0.827815016,
2321.689883334, 0.828152532,
2321.710315147, 0.827683744,
2321.730747160, 0.829773277,
2321.771610884, 0.828070999,
2321.792042896, 0.828104353,
2321.812474807, 0.828976431,
2321.832906618, 0.829840480,
2321.853338629, 0.829093344,
2321.873770539, 0.830853364,
2321.894202549, 0.831275856,
2321.914634359, 0.831405111,
2321.935066268, 0.831765205,
2321.955498277, 0.833809977,
2321.975930086, 0.836133143,
2321.996361994, 0.836028869,
2322.016794002, 0.836535277,
2322.037225810, 0.835901177,
2322.057657717, 0.835824405,
2322.078089624, 0.836984288,
2322.098521530, 0.836375877,
2322.118953437, 0.833857933,
2322.139385443, 0.832042685,
2322.159817248, 0.831249284,
2322.180249153, 0.829156240,
2322.200681158, 0.828259460,
2322.221112963, 0.825390231,
2322.261976871, 0.824481318,
2322.282408675, 0.822005350,
2322.302840678, 0.817300386,
2322.323272581, 0.803745854,
2322.343704383, 0.809454013,
2322.364136385, 0.824726199,
2322.384568287, 0.826853475,
2322.405000089, 0.826698388,
2322.425432090, 0.827514132,
2322.445863991, 0.828949513,
2322.466295892, 0.827734228,
2322.486727792, 0.828524481,
2322.507159692, 0.831713646,
2322.527591591, 0.830256248,
2322.548023490, 0.829064176,
2322.568455389, 0.829663479,
2322.588887288, 0.830149825,
2322.609319286, 0.829229495,
2322.629751084, 0.829430790,
2322.650183081, 0.829630007,
2322.670614979, 0.829050295,
2322.691046775, 0.830662102,
2322.711478772, 0.830200541,
2322.752342464, 0.831057287,
2322.772774460, 0.829723004,
2322.793206255, 0.830548648,
2322.813638150, 0.831660360,
2322.834070144, 0.833448892,
2322.854501938, 0.834117514,
2322.874933832, 0.834006349,
2322.895365826, 0.833392923,
2322.915797619, 0.833449987,
2322.936229512, 0.834934622,
2322.956661504, 0.835609561,
2322.977093397, 0.835017204,
2322.997525189, 0.836545880,
2323.017957180, 0.835853275,
2323.038389072, 0.834131717,
2323.058820962, 0.833134691,
2323.079252853, 0.831667774,
2323.099684743, 0.830252726,
2323.120116633, 0.828683306,
2323.140548523, 0.828170802,
2323.160980412, 0.829808133,
2323.181412401, 0.828547121,
2323.201844189, 0.826484294,
2323.242708066, 0.805252739,
2323.263139853, 0.816555823,
2323.283571741, 0.825943960,
2323.304003728, 0.825985159,
2323.324435514, 0.825701591,
2323.344867401, 0.827837355,
2323.365299387, 0.828254997,
2323.385731172, 0.829755451,
2323.406163058, 0.829827042,
2323.426595043, 0.829975769,
2323.447026927, 0.829107435,
2323.467458812, 0.830451479,
2323.487890696, 0.830702536,
2323.508322480, 0.832755533,
2323.528754463, 0.834067546,
2323.549186346, 0.833323338,
2323.569618129, 0.832759220,
2323.590050111, 0.832489041,
2323.610481993, 0.831231482,
2323.630913775, 0.832771244,
2323.651345757, 0.832935971,
2323.671777638, 0.831838350,
2323.692209419, 0.830303169,
2323.733073279, 0.830236529,
2323.753505059, 0.832728144,
2323.773937039, 0.833098695,
2323.814800897, 0.833798347,
2323.835232675, 0.833936822,
2323.855664554, 0.834015025,
2323.876096532, 0.834415514,
2323.896528309, 0.834619076,
2323.916960186, 0.834180844,
2323.937392163, 0.832545937,
2323.957823940, 0.831476342,
2323.978255816, 0.831525998,
2323.998687792, 0.832179691,
2324.019119668, 0.832299071,
2324.039551443, 0.829318981,
2324.059983418, 0.829358353,
2324.080415293, 0.828006589,
2324.100847067, 0.830138696,
2324.121279042, 0.827031147,
2324.141710916, 0.810050864,
2324.162142689, 0.809313117,
2324.182574662, 0.823119170,
2324.243870280, 0.828778704,
2324.264302152, 0.830811593,
2324.284734023, 0.831683681,
2324.305165894, 0.831419260,
2324.325597665, 0.830645838,
2324.346029636, 0.830979614,
2324.366461506, 0.832007306,
2324.386893376, 0.831738559,
2324.407325246, 0.832792071,
2324.427757115, 0.834485672,
2324.448188984, 0.835487475,
2324.468620953, 0.834297032,
2324.489052721, 0.833091658,
2324.509484589, 0.832685257,
2324.529916557, 0.833172475,
2324.550348325, 0.834490443,
2324.570780292, 0.835894377,
2324.591212159, 0.835828554,
2324.611643925, 0.832417627,
2324.632075891, 0.831955793,
2324.652507757, 0.832926374,
2324.672939523, 0.832465622,
2324.713803353, 0.834704309,
2324.734235118, 0.835463239,
2324.754667082, 0.836250380,
2324.775098946, 0.834971250,
2324.795530710, 0.836308932,
2324.815962673, 0.836020700,
2324.836394536, 0.836005118,
2324.856826399, 0.836224039,
2324.877258262, 0.835244062,
2324.897690124, 0.832619602,
2324.918121986, 0.831561139,
2324.938553947, 0.831341951,
2324.958985708, 0.829992582,
2324.979417569, 0.829718188,
2324.999849430, 0.830105987,
2325.020281290, 0.830135941,
2325.040713250, 0.823746141,
2325.061145010, 0.811011982,
2325.081576869, 0.815963439,
2325.102008828, 0.828258648,
2325.122440587, 0.831038191,
2325.142872446, 0.831192442,
2325.163304404, 0.829883159,
2325.204168019, 0.831723056,
2325.224599977, 0.832413695,
2325.245031733, 0.833325323,
2325.265463590, 0.833165456,
2325.285895546, 0.834277357,
2325.306327402, 0.834848415,
2325.326759258, 0.835456462,
2325.347191413, 0.835899278,
2325.367623268, 0.835508442,
2325.388055123, 0.833785835,
2325.408486978, 0.834364842,
2325.428918732, 0.834328230,
2325.449350686, 0.836652857,
2325.469782539, 0.837112370,
2325.490214293, 0.836058272,
2325.510646246, 0.834787227,
2325.531078098, 0.834374424,
2325.551509851, 0.834999584,
2325.571941803, 0.836789905,
2325.592373654, 0.836381308,
2325.612805406, 0.835265318,
2325.633237357, 0.835685104,
2325.653669208, 0.834543935,
2325.694532909, 0.836693089,
2325.714964759, 0.835751159,
2325.735396708, 0.834550130,
2325.755828458, 0.835247041,
2325.776260307, 0.834984540,
2325.796692255, 0.833600424,
2325.817124004, 0.830800747,
2325.837555852, 0.832827029,
2325.857987800, 0.832613195,
2325.878419647, 0.831057718,
2325.898851395, 0.830372492,
2325.919283342, 0.830273633,
2325.939715188, 0.830586402,
2325.960146934, 0.818641703,
2325.980578881, 0.812219987,
2326.001010726, 0.826597891,
2326.021442472, 0.836669543,
2326.041874417, 0.833669438,
2326.062306262, 0.832233713,
2326.082738206, 0.833851714,
2326.103169951, 0.834874502,
2326.123601795, 0.834794520,
2326.144033638, 0.834810335,
2326.205329167, 0.835373439,
2326.225761010, 0.835809718,
2326.246192852, 0.835290871,
2326.266624694, 0.834775146,
2326.287056536, 0.836395830,
2326.307488377, 0.836983960,
2326.327920218, 0.837164091,
2326.348352058, 0.836780845,
2326.368783899, 0.837318637,
2326.389215839, 0.837390424,
2326.409647579, 0.836415887,
2326.430079518, 0.836037063,
2326.450511357, 0.837406153,
2326.470943097, 0.838988076,
2326.491375035, 0.839662458,
2326.511806874, 0.839355176,
2326.532238612, 0.838828618,
2326.552670549, 0.840024862,
2326.573102387, 0.841782309,
2326.593534124, 0.845742654,
2326.613966061, 0.843334984,
2326.634397897, 0.838930311,
2326.654829634, 0.838474293,
2326.675261570, 0.838608326,
2326.695693405, 0.837705014,
2326.716125241, 0.838385246,
2326.736557076, 0.837544249,
2326.756988911, 0.833999913,
2326.777420745, 0.833046535,
2326.797852580, 0.833866021,
2326.818284414, 0.832723623,
2326.838716347, 0.834712618,
2326.859148081, 0.831407195,
2326.879579914, 0.816351745,
2326.920443579, 0.827180999,
2326.940875411, 0.830109210,
2326.961307343, 0.831643974,
2326.981739075, 0.833346065,
2327.002170907, 0.833722438,
2327.022602837, 0.834589552,
2327.043034568, 0.835215252,
2327.063466399, 0.835800098,
2327.083898329, 0.836763357,
2327.104330059, 0.839097349,
2327.124761889, 0.839564146,
2327.145193818, 0.840455124,
2327.165625547, 0.842630417,
2327.186057476, 0.844983211,
2327.206489304, 0.846507712,
2327.226921133, 0.841129503,
2327.247352961, 0.840402296,
2327.267784788, 0.840986182,
2327.288216616, 0.840375956,
2327.308648443, 0.839605997,
2327.329080269, 0.838528964,
2327.349512096, 0.839098078,
2327.369944022, 0.840710032,
2327.410807574, 0.837822505,
2327.431239499, 0.836464600,
2327.451671224, 0.836919706,
2327.472103049, 0.838162643,
2327.492534974, 0.838560189,
2327.512966698, 0.838774653,
2327.533398622, 0.837805224,
2327.553830445, 0.838679945,
2327.574262169, 0.838588435,
2327.594694092, 0.837985474,
2327.615125915, 0.837468194,
2327.635557637, 0.838004621,
2327.655989560, 0.836728976,
2327.676421282, 0.835542487,
2327.696853103, 0.835255443,
2327.717285025, 0.834840578,
2327.737716846, 0.837389654,
2327.758148567, 0.839311830,
2327.778580487, 0.828827220,
2327.799012308, 0.812063868,
2327.819444028, 0.819949541,
2327.839875947, 0.832809264,
2327.860307767, 0.832854063,
2327.901171405, 0.837148866,
2327.921603224, 0.838144757,
2327.942035142, 0.839108820,
2327.962466860, 0.837747627,
2327.982898678, 0.836691308,
2328.003330595, 0.836883659,
2328.023762313, 0.837665583,
2328.044194130, 0.837951238,
2328.064626046, 0.838507101,
2328.085057763, 0.839637237,
2328.105489579, 0.840452547,
2328.146353210, 0.848254489,
2328.166785026, 0.844991104,
2328.187216941, 0.842863886,
2328.207648755, 0.840183591,
2328.228080470, 0.839262136,
2328.248512384, 0.839093655,
2328.268944198, 0.839888217,
2328.289376012, 0.840944237,
2328.309807825, 0.840110597,
2328.330239638, 0.840310477,
2328.350671451, 0.838564494,
2328.391534976, 0.839200567,
2328.411966888, 0.837748342,
2328.432398700, 0.838813841,
2328.452830411, 0.840204743,
2328.473262322, 0.839083974,
2328.493694133, 0.839299599,
2328.514125844, 0.839016678,
2328.534557755, 0.838647126,
2328.554989565, 0.838590676,
2328.575421375, 0.837989067,
2328.595853184, 0.837820006,
2328.616284993, 0.835821975,
2328.636716902, 0.836127653,
2328.657148611, 0.835141185,
2328.677580420, 0.836579677,
2328.698012328, 0.825920728,
2328.718444036, 0.820003554,
2328.738875844, 0.830591368,
2328.759307751, 0.833998214,
2328.779739558, 0.832963045,
2328.800171265, 0.834553352,
2328.820603171, 0.838717523,
2328.841034978, 0.836388210,
2328.881898590, 0.837706494,
2328.902330395, 0.837540222,
2328.922762100, 0.839692501,
2328.943194005, 0.841215219,
2328.963625810, 0.841765614,
2328.984057715, 0.842849634,
2329.004489419, 0.843504364,
2329.024921223, 0.843424461,
2329.045353026, 0.843677941,
2329.065784830, 0.844028419,
2329.086216633, 0.843852904,
2329.106648436, 0.843627181,
2329.127080238, 0.844064957,
2329.147512041, 0.843805651,
2329.167943843, 0.843760116,
2329.188375645, 0.846006073,
2329.208807446, 0.844360657,
2329.229239347, 0.840631477,
2329.249671048, 0.839750896,
2329.270102849, 0.839850424,
2329.290534750, 0.839856951,
2329.310966450, 0.838748465,
2329.331398350, 0.840398655,
2329.372261849, 0.840291711,
2329.392693748, 0.840357545,
2329.413125547, 0.838367944,
2329.433557246, 0.839712300,
2329.453989144, 0.838711786,
2329.474420942, 0.837916614,
2329.494852640, 0.836765717,
2329.515284537, 0.837242805,
2329.535716335, 0.837312019,
2329.556148032, 0.836848788,
2329.576579928, 0.837626846,
2329.597011725, 0.833180399,
2329.617443521, 0.821363125,
2329.637875317, 0.823781687,
2329.658307113, 0.838504500,
2329.678739009, 0.839899279,
2329.699170804, 0.837453964,
2329.719602499, 0.835438689,
2329.740034393, 0.836201529,
2329.760466188, 0.838371505,
2329.780897882, 0.837850562,
2329.801329776, 0.840903576,
2329.821761570, 0.839845971,
2329.862625156, 0.847169931,
2329.883056849, 0.851680968,
2329.903488642, 0.846849051,
2329.923920534, 0.843429007,
2329.944352226, 0.844840074,
2329.964784018, 0.843869971,
2329.985215910, 0.841438028,
2330.005647601, 0.844043375,
2330.026079492, 0.843742588,
2330.046511283, 0.844207352,
2330.066943074, 0.844218823,
2330.107806654, 0.841401954,
2330.128238444, 0.841883152,
2330.148670234, 0.841902713,
2330.169102023, 0.841843165,
2330.189533812, 0.842203453,
2330.209965701, 0.841435244,
2330.230397390, 0.840930996,
2330.250829178, 0.840676179,
2330.271261066, 0.840650002,
2330.291692754, 0.841274332,
2330.312124541, 0.841832203,
2330.332556429, 0.841457370,
2330.352988116, 0.841295942,
2330.373420002, 0.838915059,
2330.393851789, 0.836435172,
2330.414283475, 0.835133833,
2330.434715361, 0.835933990,
2330.455147147, 0.836448479,
2330.475578833, 0.837465631,
2330.496010718, 0.837244552,
2330.516442503, 0.828626086,
2330.536874288, 0.816893211,
2330.557306072, 0.825164802,
2330.577737856, 0.839267606,
2330.598169540, 0.840919587,
2330.618601424, 0.841388763,
2330.639033208, 0.841743729,
2330.659464891, 0.842016645,
2330.679896774, 0.842701060,
2330.700328557, 0.842845169,
2330.720760339, 0.844181020,
2330.741192122, 0.844027072,
2330.761623904, 0.846140275,
2330.782055785, 0.845520780,
2330.802487467, 0.845483133,
2330.843351129, 0.850754313,
2330.863782810, 0.852259571,
2330.884214591, 0.852653117,
2330.904646471, 0.852781080,
2330.925078151, 0.850000110,
2330.945509931, 0.846413344,
2330.965941810, 0.845461103,
2330.986373490, 0.844238493,
2331.006805269, 0.844285269,
2331.027237148, 0.844625091,
2331.047668926, 0.843765730,
2331.068100705, 0.843532782,
2331.088532483, 0.842424484,
2331.108964260, 0.842204454,
2331.129396038, 0.843256325,
2331.149827815, 0.843929862,
2331.170259592, 0.843989906,
2331.190691369, 0.842506477,
2331.211123146, 0.840227730,
2331.231554922, 0.841204840,
2331.251986698, 0.842377512,
2331.272418474, 0.841559527,
2331.292850250, 0.839956722,
2331.313282025, 0.840095795,
2331.333713800, 0.840446973,
2331.354145476, 0.841618015,
2331.374577350, 0.840398679,
2331.395009125, 0.839280335,
2331.415440999, 0.838160190,
2331.435872673, 0.824391579,
2331.456304447, 0.819233698,
2331.476736320, 0.832170521,
2331.497167993, 0.838042772,
2331.517599766, 0.837444639,
2331.538031639, 0.838453133,
2331.578895084, 0.841996362,
2331.599326956, 0.842973485,
2331.619758728, 0.843773340,
2331.640190399, 0.845207704,
2331.660622270, 0.844665583,
2331.681054041, 0.844022719,
2331.701485812, 0.846667358,
2331.721917583, 0.845430013,
2331.742349353, 0.844431117,
2331.762781223, 0.842961173,
2331.783212893, 0.842114293,
2331.824076532, 0.850064084,
2331.844508201, 0.850793804,
2331.864939970, 0.850753431,
2331.885371839, 0.851982563,
2331.905803508, 0.850595057,
2331.926235276, 0.848026023,
2331.946667144, 0.845612969,
2331.967098812, 0.845875151,
2331.987530579, 0.845014570,
2332.007962346, 0.843877970,
2332.028394114, 0.842430498,
2332.069257647, 0.850778185,
2332.089689413, 0.845676536,
2332.110121279, 0.843578753,
2332.130553045, 0.843974358,
2332.150984711, 0.843544032,
2332.171416576, 0.843002019,
2332.191848341, 0.842454335,
2332.212280006, 0.841536675,
2332.232711871, 0.840257589,
2332.253143635, 0.839092380,
2332.273575300, 0.838575860,
2332.294007164, 0.837931173,
2332.314438928, 0.838266364,
2332.334870591, 0.835957108,
2332.355302455, 0.822182242,
2332.375734217, 0.825165403,
2332.396166080, 0.837975889,
2332.416597743, 0.841509663,
2332.437029505, 0.842003735,
2332.457461368, 0.842227335,
2332.477893030, 0.843071829,
2332.498324791, 0.844449929,
2332.518756653, 0.844580315,
2332.539188314, 0.844333217,
2332.559620075, 0.845412929,
2332.580051936, 0.847227301,
2332.600483696, 0.848271321,
2332.620915357, 0.849088980,
2332.641347217, 0.849589803,
2332.661778977, 0.850099499,
2332.682210636, 0.849830368,
2332.702642496, 0.849958198,
2332.723074255, 0.849645338,
2332.743506014, 0.848706086,
2332.763937773, 0.848522337,
2332.784369531, 0.849765850,
2332.825233048, 0.849036940,
2332.845664705, 0.849058972,
2332.866096563, 0.848064931,
2332.886528320, 0.847533077,
2332.906959978, 0.846030204,
2332.927391834, 0.846950535,
2332.947823591, 0.844673569,
2332.968255348, 0.845369442,
2332.988687104, 0.850498843,
2333.009118860, 0.849922571,
2333.049982371, 0.846429993,
2333.070414127, 0.847260803,
2333.090845982, 0.847043771,
2333.111277737, 0.846405184,
2333.131709391, 0.846481497,
2333.152141246, 0.846751568,
2333.172573000, 0.846823180,
2333.193004654, 0.846523361,
2333.213436508, 0.847302522,
2333.233868261, 0.848064069,
2333.254299915, 0.840441058,
2333.274731768, 0.829190743,
2333.295163521, 0.835702928,
2333.315595173, 0.844018354,
2333.336027026, 0.844755021,
2333.356458778, 0.845967423,
2333.376890630, 0.846453322,
2333.397322282, 0.847331931,
2333.417754034, 0.847594614,
2333.438185885, 0.847844051,
2333.458617536, 0.848173248,
2333.479049287, 0.849362241,
2333.499481038, 0.850486415,
2333.519912788, 0.852653259,
2333.540344538, 0.851753351,
2333.560776289, 0.852452563,
2333.581208038, 0.852184013,
2333.601639788, 0.851545551,
2333.622071637, 0.850336005,
2333.642503286, 0.848395965,
2333.662935135, 0.848303143,
2333.683366884, 0.848819290,
2333.703798533, 0.849248519,
2333.724230381, 0.847358730,
2333.744662129, 0.847385222,
2333.765093777, 0.847121956,
2333.785525625, 0.847521018,
2333.805957372, 0.846476375,
2333.826389019, 0.846630481,
2333.846820866, 0.846954643,
2333.867252613, 0.847419477,
2333.887684260, 0.847018974,
2333.908116106, 0.848180823,
2333.928547852, 0.849937686,
2333.969411344, 0.847425530,
2333.989843089, 0.845675531,
2334.030706580, 0.849945744,
2334.051138325, 0.849641609,
2334.071570169, 0.849311776,
2334.092001914, 0.848535321,
2334.112433558, 0.848984685,
2334.132865402, 0.849800117,
2334.153297146, 0.849809793,
2334.173728789, 0.836553631,
2334.194160633, 0.831602970,
2334.214592276, 0.842753988,
2334.235024019, 0.848195010,
2334.255455862, 0.846913863,
2334.275887504, 0.848234283,
2334.296319346, 0.849896344,
2334.316751089, 0.850418122,
2334.337182730, 0.850035736,
2334.357614572, 0.849843052,
2334.378046314, 0.851292289,
2334.398477955, 0.853072558,
2334.418909796, 0.854403994,
2334.439341537, 0.855330432,
2334.459773278, 0.854875341,
2334.480205018, 0.852052660,
2334.500636758, 0.852164120,
2334.521068498, 0.852882083,
2334.541500238, 0.853729792,
2334.561931978, 0.853109394,
2334.582363817, 0.852772425,
2334.602795556, 0.851910864,
2334.623227195, 0.850526888,
2334.643659034, 0.849336412,
2334.664090772, 0.850929145,
2334.684522411, 0.851105257,
2334.704954249, 0.849904956,
2334.725385987, 0.849056678,
2334.745817625, 0.849895841,
2334.766249462, 0.850039236,
2334.786681199, 0.849460162,
2334.807112837, 0.850928750,
2334.827544673, 0.852540091,
2334.847976410, 0.854919536,
2334.868408047, 0.853237364,
2334.888839883, 0.852700656,
2334.909271619, 0.852421930,
2334.929703455, 0.853306345,
2334.950135091, 0.853089525,
2334.970566826, 0.851682510,
2335.011430297, 0.850715572,
2335.031862031, 0.851337875,
2335.052293766, 0.851424573,
2335.072725501, 0.845315852,
2335.093157235, 0.829521094,
2335.113588969, 0.831849598,
2335.134020703, 0.845717437,
2335.154452436, 0.847636201,
2335.174884270, 0.848589393,
2335.195315903, 0.850419473,
2335.215747736, 0.851789595,
2335.236179469, 0.851972578,
2335.256611102, 0.853073725,
2335.277042934, 0.852868787,
2335.297474666, 0.853272866,
2335.317906299, 0.853276988,
2335.338338130, 0.855400693,
2335.358769862, 0.856862235,
2335.379201494, 0.857396587,
2335.399633325, 0.857376504,
2335.420065056, 0.857507880,
2335.440496787, 0.856396565,
2335.460928517, 0.854076323,
2335.481360248, 0.854864315,
2335.501792078, 0.853506352,
2335.522223708, 0.852753790,
2335.542655438, 0.849762096,
2335.563087268, 0.850841634,
2335.583518997, 0.851296501,
2335.603950627, 0.849360220,
2335.624382456, 0.846085471,
2335.644814185, 0.844818981,
2335.665245813, 0.845612975,
2335.685677642, 0.847289564,
2335.706109270, 0.847933557,
2335.726540998, 0.848230207,
2335.746972826, 0.848855050,
2335.767404454, 0.849875451,
2335.787836181, 0.852213857,
2335.808268009, 0.852802820,
2335.828699636, 0.852910594,
2335.849131463, 0.852680785,
2335.869563190, 0.851594978,
2335.889994816, 0.851426071,
2335.910426642, 0.851670185,
2335.930858369, 0.851583426,
2335.951289995, 0.852835006,
2335.992153546, 0.843723024,
2336.012585271, 0.833207844,
2336.033016997, 0.842963114,
2336.053448722, 0.853240618,
2336.073880446, 0.853667790,
2336.094312171, 0.853869308,
2336.114743896, 0.853582609,
2336.135175720, 0.854932348,
2336.155607444, 0.855755635,
2336.176039068, 0.856898414,
2336.196470891, 0.857034798,
2336.216902615, 0.857998689,
2336.237334238, 0.859960658,
2336.257766061, 0.860997784,
2336.278197784, 0.861724458,
2336.298629407, 0.861664552,
2336.319061229, 0.860950682,
2336.339492952, 0.860761812,
2336.359924574, 0.859977776,
2336.380356396, 0.858483773,
2336.400788118, 0.855543399,
2336.421219839, 0.855338588,
2336.441651561, 0.854976564,
2336.462083182, 0.854217306,
2336.482515003, 0.852141959,
2336.502946724, 0.852859178,
2336.523378444, 0.851244169,
2336.543810165, 0.849986037,
2336.564241885, 0.848062895,
2336.584673605, 0.850131292,
2336.605105325, 0.850778620,
2336.625537045, 0.851218492,
2336.645968764, 0.849097253,
2336.666400584, 0.848712445,
2336.686832203, 0.847470477,
2336.707264022, 0.847896669,
2336.727695741, 0.848342808,
2336.748127359, 0.847770269,
2336.768559178, 0.847851038,
2336.788990896, 0.847392294,
2336.809422514, 0.848963192,
2336.829854332, 0.848617182,
2336.850286050, 0.850350161,
2336.870717667, 0.851522499,
2336.891149485, 0.850228507,
2336.911581202, 0.838213363,
2336.932012819, 0.834242941,
2336.972876352, 0.851332633,
2336.993308168, 0.853389014,
2337.013739785, 0.854870813,
2337.034171501, 0.855903908,
2337.054603316, 0.857326980,
2337.075035032, 0.857711553,
2337.095466648, 0.858578340,
2337.115898363, 0.860001723,
2337.136330178, 0.862676688,
2337.156761793, 0.863793904,
2337.177193608, 0.862726841,
2337.197625223, 0.863045826,
2337.218056937, 0.861300175,
2337.238488751, 0.858691680,
2337.258920365, 0.857855145,
2337.279352179, 0.859031978,
2337.299783893, 0.858190457,
2337.320215507, 0.857734345,
2337.340647320, 0.856030162,
2337.361079033, 0.854538436,
2337.381510646, 0.852690589,
2337.401942459, 0.852212964,
2337.422374172, 0.854053167,
2337.442805784, 0.853981196,
2337.463237596, 0.853112538,
2337.483669308, 0.853455960,
2337.504101020, 0.852416845,
2337.524532732, 0.852548411,
2337.544964444, 0.850957110,
2337.565396155, 0.852367240,
2337.585827866, 0.851993945,
2337.606259577, 0.852449644,
2337.626691388, 0.853501647,
2337.647123099, 0.854942724,
2337.667554709, 0.855734918,
2337.708418230, 0.855267001,
2337.728849840, 0.853364160,
2337.749281650, 0.851468279,
2337.769713360, 0.850276573,
2337.790144969, 0.851100627,
2337.810576778, 0.848031583,
2337.831008388, 0.834148402,
2337.851440097, 0.838604961,
2337.871871905, 0.852199345,
2337.892303614, 0.854212891,
2337.912735322, 0.854908135,
2337.974030447, 0.859882541,
2337.994462155, 0.862146909,
2338.014893862, 0.862794042,
2338.035325570, 0.861689205,
2338.055757277, 0.861589549,
2338.076188984, 0.859155576,
2338.096620691, 0.860524384,
2338.117052398, 0.861375958,
2338.137484104, 0.861866220,
2338.157915911, 0.862153039,
2338.178347517, 0.860478255,
2338.198779323, 0.860437470,
2338.219211029, 0.858388463,
2338.239642634, 0.858490067,
2338.260074440, 0.858614196,
2338.280506146, 0.857190772,
2338.300937751, 0.856072203,
2338.321369556, 0.855166676,
2338.341801261, 0.853162024,
2338.362232865, 0.850543313,
2338.382664670, 0.849530410,
2338.403096374, 0.851986447,
2338.443959783, 0.851541420,
2338.464391487, 0.850428075,
2338.484823290, 0.850692306,
2338.505254894, 0.851924897,
2338.525686597, 0.851812852,
2338.546118400, 0.852811097,
2338.566550004, 0.853903510,
2338.586981707, 0.853513892,
2338.607413409, 0.852896022,
2338.627845112, 0.852840814,
2338.648276814, 0.852344772,
2338.668708616, 0.851550584,
2338.689140219, 0.850998905,
2338.709571920, 0.852937866,
2338.730003722, 0.844302071,
2338.750435324, 0.836083747,
2338.770867125, 0.844333208,
2338.791298827, 0.852890955,
2338.811730428, 0.852873172,
2338.832162229, 0.854441697,
2338.852593929, 0.854872251,
2338.873025530, 0.858016673,
2338.893457330, 0.858611816,
2338.913889031, 0.861506311,
2338.934320631, 0.861466201,
2338.954752431, 0.863492491,
2338.975184131, 0.864046236,
2338.995615930, 0.866955517,
2339.016047530, 0.868431118,
2339.036479229, 0.867774337,
2339.056911028, 0.866639981,
2339.077342627, 0.865248406,
2339.097774326, 0.864283742,
2339.118206125, 0.862984025,
2339.138637823, 0.861495349,
2339.179501220, 0.858334231,
2339.199932918, 0.858188217,
2339.220364516, 0.858903248,
2339.240796314, 0.859217402,
2339.261228011, 0.858945060,
2339.281659709, 0.858729540,
2339.302091406, 0.858739674,
2339.322523003, 0.859191857,
2339.342954800, 0.859178360,
2339.363386497, 0.858698142,
2339.383818094, 0.859001858,
2339.404249890, 0.858452813,
2339.424681586, 0.857663334,
2339.445113183, 0.858506684,
2339.465544979, 0.858767519,
2339.485976674, 0.858844690,
2339.506408370, 0.858887255,
2339.526840066, 0.858654430,
2339.547271761, 0.858763258,
2339.567703556, 0.858572669,
2339.588135152, 0.858388397,
2339.608566847, 0.857938988,
2339.628998641, 0.857194705,
2339.649430236, 0.840848058,
2339.669861930, 0.840501037,
2339.690293725, 0.853985221,
2339.710725419, 0.858256497,
2339.731157013, 0.858962865,
2339.751588807, 0.858534217,
2339.772020501, 0.859399480,
2339.792452094, 0.858225219,
2339.812883888, 0.858759351,
2339.833315581, 0.859063239,
2339.853747374, 0.858696131,
2339.874178967, 0.857920085,
2339.915042452, 0.856701264,
2339.935474045, 0.863813077,
2339.955905737, 0.864285950,
2339.976337530, 0.863124535,
2339.996769122, 0.863653882,
2340.017200813, 0.859526547,
2340.037632505, 0.855416466,
2340.058064197, 0.856428402,
2340.078495888, 0.857581733,
2340.098927580, 0.857954906,
2340.119359271, 0.858537578,
2340.160222753, 0.847155130,
2340.180654343, 0.853773564,
2340.201086134, 0.856803084,
2340.221517825, 0.856704166,
2340.241949415, 0.857303971,
2340.262381205, 0.857583204,
2340.282812895, 0.857883129,
2340.303244485, 0.858317183,
2340.323676275, 0.862867320,
2340.344107964, 0.864417435,
2340.364539754, 0.863301599,
2340.384971343, 0.861945755,
2340.405403032, 0.861030607,
2340.425834821, 0.860954367,
2340.446266410, 0.859744843,
2340.466698098, 0.859604703,
2340.487129887, 0.859337008,
2340.507561475, 0.857693429,
2340.527993164, 0.856576053,
2340.548424952, 0.852101933,
2340.568856540, 0.838903261,
2340.589288228, 0.842980176,
2340.609720015, 0.855679151,
2340.630151703, 0.855547160,
2340.650583390, 0.855073991,
2340.671015077, 0.854844137,
2340.691446765, 0.856071639,
2340.711878451, 0.857768594,
2340.732310138, 0.858731379,
2340.752741825, 0.859814921,
2340.773173511, 0.861008801,
2340.793605198, 0.861830022,
2340.814036784, 0.862575566,
2340.834468570, 0.863676792,
2340.854900256, 0.863434100,
2340.875331842, 0.862224730,
2340.895763628, 0.862350531,
2340.916195313, 0.861662633,
2340.936627099, 0.860397788,
2340.957058684, 0.859507762,
2340.977490369, 0.857514556,
2340.997922154, 0.857847611,
2341.018353739, 0.857475293,
2341.038785424, 0.856668459,
2341.059217208, 0.854446790,
2341.079648793, 0.854142987,
2341.100080477, 0.853063511,
2341.120512261, 0.856206718,
2341.140943945, 0.856158509,
2341.161375629, 0.858586160,
2341.181807313, 0.859370241,
2341.202238997, 0.857771485,
2341.222670680, 0.854796450,
2341.243102364, 0.853782601,
2341.263534047, 0.854883785,
2341.283965730, 0.855840802,
2341.304397413, 0.856193011,
2341.324829096, 0.854289179,
2341.345260878, 0.856373893,
2341.365692461, 0.855196829,
2341.386124143, 0.857927408,
2341.406555825, 0.856026353,
2341.426987508, 0.856725764,
2341.447419290, 0.856706985,
2341.467850872, 0.849397333,
2341.488282553, 0.843875043,
2341.508714335, 0.857758653,
2341.529145916, 0.862061008,
2341.549577598, 0.864104532,
2341.570009379, 0.863577837,
2341.590440960, 0.865513883,
2341.610872641, 0.866447856,
2341.631304422, 0.864729239,
2341.651736002, 0.856483033,
2341.672167783, 0.855799137,
2341.692599463, 0.859618408,
2341.713031144, 0.861639938,
2341.733462824, 0.864402757,
2341.753894504, 0.865011300,
2341.774326184, 0.865607635,
2341.794757863, 0.865735359,
2341.815189543, 0.864857451,
2341.835621223, 0.862962262,
2341.896916260, 0.862623047,
2341.917348039, 0.864062573,
2341.937779618, 0.863847196,
2341.958211397, 0.863614865,
2341.978643076, 0.862992674,
2341.999074654, 0.861830630,
2342.019506432, 0.861515511,
2342.039938111, 0.860789280,
2342.060369689, 0.860474766,
2342.080801467, 0.859773748,
2342.101233145, 0.859794627,
2342.121664722, 0.859515475,
2342.142096500, 0.860317898,
2342.162528177, 0.860137773,
2342.182959855, 0.860709503,
2342.203391532, 0.860578694,
2342.223823209, 0.860446118,
2342.244254886, 0.860487154,
2342.264686563, 0.861746467,
2342.285118239, 0.858578131,
2342.305549916, 0.858311745,
2342.325981592, 0.859207255,
2342.346413269, 0.860270169,
2342.366845045, 0.859393647,
2342.387276621, 0.844245962,
2342.407708297, 0.843794338,
2342.428140073, 0.856354647,
2342.448571648, 0.860553767,
2342.469003424, 0.860166493,
2342.489435100, 0.862375479,
2342.509866675, 0.860486286,
2342.530298450, 0.861647228,
2342.550730125, 0.861598953,
2342.571161700, 0.862709549,
2342.591593475, 0.863464235,
2342.612025150, 0.866296003,
2342.632456724, 0.874526255,
2342.652888499, 0.877199295,
2342.673320173, 0.880914660,
2342.693751947, 0.882572052,
2342.714183522, 0.880444765,
2342.734615196, 0.878946375,
2342.755046970, 0.871327575,
2342.775478543, 0.868143073,
2342.795910217, 0.860039821,
2342.816341890, 0.854798324,
2342.836773664, 0.854771560,
2342.857205237, 0.853872501,
2342.877637010, 0.853157442,
2342.898068583, 0.852142583,
2342.918500356, 0.851381882,
2342.938932029, 0.850179511,
2342.959363602, 0.849931589,
2342.979795375, 0.848977877,
2343.000227047, 0.850301995,
2343.020658619, 0.850446039,
2343.041090392, 0.850289732,
2343.061522064, 0.850104556,
2343.081953636, 0.849998551,
2343.102385408, 0.851425444,
2343.122817079, 0.851234020,
2343.143248651, 0.852398766,
2343.163680422, 0.852909032,
2343.184112094, 0.852869165,
2343.204543865, 0.852986321,
2343.224975436, 0.850749035,
2343.245407107, 0.849498757,
2343.265838878, 0.848642618,
2343.286270449, 0.843635852,
2343.306702120, 0.830164137,
2343.327133891, 0.836619726,
2343.347565561, 0.851631823,
2343.367997132, 0.855716909,
2343.388428902, 0.858451863,
2343.408860572, 0.859822312,
2343.429292242, 0.859660859,
2343.449723912, 0.860658841,
2343.470155582, 0.859851091,
2343.490587352, 0.861375358,
2343.511018921, 0.860633295,
2343.531450591, 0.862019117,
2343.551882260, 0.861850160,
2343.572313929, 0.862373325,
2343.592745599, 0.862368857,
2343.613177268, 0.868573356,
2343.633608937, 0.868278190,
2343.654040705, 0.867668771,
2343.674472274, 0.866469424,
2343.694903943, 0.865509282,
2343.715335711, 0.863448761,
2343.735767280, 0.862627054,
2343.756198948, 0.859541159,
2343.776630716, 0.856692907,
2343.797062284, 0.855123598,
2343.837925720, 0.870172782,
2343.858357388, 0.868545871,
2343.878788955, 0.867150033,
2343.899220723, 0.866397827,
2343.919652390, 0.866491886,
2343.940084058, 0.866271644,
2343.960515725, 0.867805053,
2343.980947392, 0.868413429,
2344.001379159, 0.869112289,
2344.021810726, 0.869004241,
2344.042242392, 0.870081983,
2344.062674159, 0.870685985,
2344.083105726, 0.871565974,
2344.103537392, 0.872241183,
2344.123969159, 0.872158170,
2344.144400725, 0.872216747,
2344.164832491, 0.872682026,
2344.185264157, 0.872983878,
2344.205695723, 0.862099501,
2344.226127489, 0.854467218,
2344.246559155, 0.867054421,
2344.266990720, 0.875834866,
2344.287422486, 0.876324026,
2344.307854051, 0.875678539,
2344.328285816, 0.876739396,
2344.348717482, 0.877803969,
2344.369149047, 0.878568785,
2344.389580812, 0.879472615,
2344.410012477, 0.880020755,
2344.430444141, 0.880637387,
2344.450875806, 0.883144381,
2344.471307471, 0.883112565,
2344.491739135, 0.882684506,
2344.512170800, 0.882537290,
2344.532602464, 0.881825577,
2344.553034128, 0.880792789,
2344.573465892, 0.880623233,
2344.593897456, 0.878771177,
2344.614329120, 0.876572738,
2344.634760884, 0.876064999,
2344.655192448, 0.874949799,
2344.675624211, 0.870853380,
2344.696055875, 0.869196681,
2344.716487438, 0.871298372,
2344.736919202, 0.869456306,
2344.757350865, 0.870216991,
2344.777782428, 0.867314549,
2344.818645854, 0.868977417,
2344.839077517, 0.868998364,
2344.859509179, 0.867225654,
2344.879940842, 0.865058502,
2344.900372604, 0.863909713,
2344.920804167, 0.862912377,
2344.941235829, 0.861724297,
2344.961667491, 0.862042233,
2344.982099154, 0.862344742,
2345.002530816, 0.864511325,
2345.022962578, 0.866846100,
2345.063825801, 0.871433305,
2345.084257563, 0.876010305,
2345.104689124, 0.876290877,
2345.125120886, 0.862047909,
2345.145552547, 0.861885568,
2345.165984109, 0.876014814,
2345.186415870, 0.878514398,
2345.206847531, 0.877246728,
2345.227279092, 0.875854132,
2345.247710853, 0.878918564,
2345.268142514, 0.881919219,
2345.288574074, 0.885140891,
2345.309005835, 0.886104570,
2345.329437496, 0.886293815,
2345.349869256, 0.888368369,
2345.370300816, 0.889282279,
2345.390732477, 0.888248476,
2345.411164237, 0.887208427,
2345.431595797, 0.884946028,
2345.452027457, 0.885104049,
2345.472459217, 0.884867657,
2345.492890877, 0.880711305,
2345.513322436, 0.878257844,
2345.533754196, 0.877673392,
2345.554185855, 0.877838781,
2345.574617515, 0.873874177,
2345.595049174, 0.871590343,
2345.615480833, 0.871472558,
2345.635912493, 0.871366051,
2345.656344152, 0.872222722,
2345.676775811, 0.867746220,
2345.697207470, 0.867381933,
2345.717639129, 0.874415316,
2345.738070787, 0.864085928,
2345.758502446, 0.855074882,
2345.799365663, 0.869923778,
2345.819797421, 0.870583057,
2345.840229080, 0.871242359,
2345.860660838, 0.871344722,
2345.881092396, 0.871124299,
2345.901524054, 0.868459616,
2345.921955812, 0.869535690,
2345.942387370, 0.869787844,
2345.962819028, 0.869725799,
2345.983250785, 0.867681766,
2346.003682343, 0.868043075,
2346.044545758, 0.856721513,
2346.064977415, 0.863946120,
2346.085409073, 0.875497627,
2346.105840730, 0.875831774,
2346.126272387, 0.875222785,
2346.146704044, 0.876937448,
2346.167135701, 0.876983967,
2346.187567358, 0.876219109,
2346.207999115, 0.877543392,
2346.228430671, 0.879909242,
2346.248862328, 0.884038224,
2346.289725641, 0.884089531,
2346.310157397, 0.884444396,
2346.330589054, 0.885513702,
2346.351020610, 0.887918360,
2346.371452366, 0.887726979,
2346.391884022, 0.886918090,
2346.412315578, 0.887788168,
2346.432747334, 0.889119679,
2346.453178890, 0.883449123,
2346.473610546, 0.876533786,
2346.494042301, 0.875407077,
2346.534905612, 0.873903684,
2346.555337268, 0.869906750,
2346.575768923, 0.868795508,
2346.596200578, 0.865934208,
2346.616632233, 0.863349973,
2346.637063889, 0.865124738,
2346.657495544, 0.867100839,
2346.677927198, 0.867043628,
2346.698358853, 0.866882890,
2346.718790608, 0.872679191,
2346.739222163, 0.870489770,
2346.780085572, 0.879006321,
2346.800517126, 0.880227175,
2346.820948881, 0.877887310,
2346.841380535, 0.879025416,
2346.861812090, 0.876184433,
2346.882243844, 0.877251034,
2346.902675498, 0.879490226,
2346.923107052, 0.879248538,
2346.943538806, 0.869202319,
2346.963970460, 0.862427177,
2346.984402213, 0.871979223,
2347.004833767, 0.879168527,
2347.025265421, 0.878045352,
2347.045697074, 0.876373415,
2347.066128728, 0.879598059,
2347.086560381, 0.881772996,
2347.106992135, 0.882874178,
2347.127423688, 0.888761235,
2347.147855341, 0.890916150,
2347.168286994, 0.886981277,
2347.188718647, 0.890012879,
2347.209150400, 0.901237624,
2347.229581953, 0.892550799,
2347.270445359, 0.895767662,
2347.290877012, 0.892534933,
2347.311308564, 0.889321668,
2347.331740317, 0.885522771,
2347.352171969, 0.881862735,
2347.372603522, 0.883473582,
2347.393035274, 0.879438468,
2347.413466926, 0.878361969,
2347.433898679, 0.878836485,
2347.454330231, 0.871110280,
2347.474761883, 0.875937380,
2347.515625187, 0.877938239,
2347.536056839, 0.874849417,
2347.556488591, 0.871120097,
2347.576920142, 0.872213425,
2347.597351794, 0.873458598,
2347.617783546, 0.873355892,
2347.638215097, 0.872724622,
2347.658646849, 0.869987801,
2347.679078500, 0.869577724,
2347.699510151, 0.869687308,
2347.719941803, 0.874287678,
2347.760805105, 0.879836771,
2347.781236756, 0.880638999,
2347.801668407, 0.880186577,
2347.822100058, 0.881013122,
2347.842531709, 0.879659504,
2347.862963360, 0.861828523,
2347.883395111, 0.861176102,
2347.903826661, 0.874780055,
2347.924258312, 0.878993679,
2347.944690062, 0.878249675,
2347.965121613, 0.878419248,
2348.005985014, 0.888343400,
2348.026416564, 0.889417302,
2348.046848214, 0.890330694,
2348.067279964, 0.890940213,
2348.087711514, 0.890191660,
2348.108143265, 0.890554091,
2348.128574915, 0.890038782,
2348.149006464, 0.890871790,
2348.169438214, 0.895184138,
2348.189869864, 0.894128450,
2348.210301514, 0.892744031,
2348.251164813, 0.893640944,
2348.271596463, 0.891488997,
2348.292028112, 0.887971847,
2348.312459762, 0.882785751,
2348.332891511, 0.878426213,
2348.353323160, 0.875587371,
2348.373754710, 0.872789887,
2348.394186459, 0.872225571,
2348.414618108, 0.874229642,
2348.435049657, 0.871792049,
2348.455481406, 0.871388781,
2348.496344604, 0.871117948,
2348.516776353, 0.870754639,
2348.537207902, 0.876687997,
2348.557639650, 0.873416466,
2348.578071299, 0.874781308,
2348.598502848, 0.875790575,
2348.618934596, 0.876050470,
2348.639366245, 0.877475937,
2348.659797793, 0.877920510,
2348.680229542, 0.877141094,
2348.700661190, 0.877015617,
2348.741524486, 0.883583743,
2348.761956134, 0.875746331,
2348.782387883, 0.865255000,
2348.802819431, 0.874258445,
2348.823251079, 0.880616091,
2348.843682827, 0.884025766,
2348.864114375, 0.884223203,
2348.884546022, 0.885024269,
2348.904977770, 0.886609563,
2348.925409418, 0.887655162,
2348.945841066, 0.888033081,
2348.986704361, 0.895143925,
2349.007136008, 0.897157017,
2349.027567656, 0.899849435,
2349.047999303, 0.897606978,
2349.068431051, 0.894662929,
2349.088862598, 0.895277978,
2349.109294245, 0.895005004,
2349.129725992, 0.893924322,
2349.150157540, 0.893138184,
2349.170589287, 0.889560202,
2349.191020834, 0.888480254,
2349.231884228, 0.886160047,
2349.252315775, 0.882072516,
2349.272747421, 0.883993297,
2349.293179168, 0.880370222,
2349.313610715, 0.875101547,
2349.334042362, 0.874457954,
2349.354474108, 0.873328722,
2349.374905655, 0.873039955,
2349.395337402, 0.873654945,
2349.415769048, 0.872592357,
2349.436200695, 0.872520474,
2349.477063987, 0.880945985,
2349.497495634, 0.881061657,
2349.517927280, 0.879274133,
2349.538358926, 0.882971093,
2349.558790572, 0.883756052,
2349.579222319, 0.882376504,
2349.599653865, 0.882976415,
2349.620085611, 0.886834864,
2349.640517257, 0.885589191,
2349.660948803, 0.881794815,
2349.681380549, 0.868968922,
2349.742675486, 0.889606415,
2349.763107132, 0.890178047,
2349.783538877, 0.889693968,
2349.803970423, 0.891648884,
2349.824402069, 0.893950281,
2349.844833814, 0.895674630,
2349.865265360, 0.896132934,
2349.885697005, 0.895827777,
2349.906128651, 0.896914365,
2349.926560296, 0.897323269,
2349.946991941, 0.899814138,
2349.967423587, 0.902091845,
2349.987855232, 0.901298565,
2350.008286977, 0.898229661,
2350.028718522, 0.895433702,
2350.049150167, 0.895192542,
2350.069581912, 0.893449480,
2350.090013557, 0.891513235,
2350.110445103, 0.889849547,
2350.130876847, 0.887144205,
2350.151308492, 0.883018094,
2350.171740037, 0.879768296,
2350.212603427, 0.881258164,
2350.233035172, 0.881613121,
2350.253466716, 0.880674357,
2350.273898361, 0.881513233,
2350.294330106, 0.877834220,
2350.314761650, 0.877220348,
2350.335193295, 0.879154466,
2350.355625039, 0.881704203,
2350.376056584, 0.880426034,
2350.396488328, 0.877458093,
2350.416919973, 0.879755400,
2350.457783261, 0.895611723,
2350.478214906, 0.889045454,
2350.498646450, 0.888628247,
2350.519078194, 0.888966745,
2350.539509838, 0.888525986,
2350.559941483, 0.886727244,
2350.580373127, 0.886279261,
2350.600804771, 0.871302882,
2350.621236415, 0.873544503,
2350.641668059, 0.886248567,
2350.662099703, 0.889566582,
2350.682531347, 0.893578960,
2350.702962991, 0.894629346,
2350.723394635, 0.892251571,
2350.743826378, 0.892116395,
2350.764257922, 0.893811777,
2350.784689666, 0.894416780,
2350.805121310, 0.896674833,
2350.825552853, 0.897658562,
2350.845984597, 0.897587910,
2350.866416241, 0.897545513,
2350.886847784, 0.898928400,
2350.907279528, 0.899716519,
2350.948142715, 0.903588201,
2350.968574458, 0.899670238,
2350.989006102, 0.894943729,
2351.009437845, 0.892669269,
2351.029869389, 0.890670705,
2351.050301032, 0.887873656,
2351.070732775, 0.884267699,
2351.091164319, 0.881844277,
2351.111595962, 0.880846333,
2351.132027705, 0.880140937,
2351.152459248, 0.880066105,
2351.193322635, 0.878836496,
2351.213754278, 0.879752686,
2351.234185921, 0.880967935,
2351.254617564, 0.884071750,
2351.275049107, 0.881157577,
2351.295480850, 0.881151147,
2351.315912493, 0.882364722,
2351.336344136, 0.883067970,
2351.356775779, 0.885080781,
2351.377207422, 0.885890599,
2351.397639165, 0.884903043,
2351.438502350, 0.890805085,
2351.458934093, 0.890957147,
2351.479365636, 0.890254347,
2351.499797279, 0.881569940,
2351.520229021, 0.872820085,
2351.540660564, 0.880180615,
2351.561092207, 0.889697593,
2351.581523949, 0.890560734,
2351.601955492, 0.891833280,
2351.622387234, 0.892355583,
2351.642818877, 0.891950342,
2351.704113805, 0.901011098,
2351.724545347, 0.899982093,
2351.744977089, 0.899399119,
2351.765408732, 0.902102205,
2351.785840474, 0.904197390,
2351.806272017, 0.904783412,
2351.826703659, 0.904335673,
2351.847135401, 0.902112778,
2351.867567043, 0.900985479,
2351.887998586, 0.898734504,
2351.908430328, 0.899239283,
2351.928861970, 0.899053959,
2351.949293513, 0.896499255,
2351.969725255, 0.890280946,
2351.990156897, 0.885982155,
2352.010588539, 0.886035020,
2352.031020181, 0.884392962,
2352.051451723, 0.882757495,
2352.071883465, 0.882384287,
2352.092315107, 0.882540157,
2352.112746649, 0.881865399,
2352.133178392, 0.881141994,
2352.174041776, 0.883100830,
2352.194473317, 0.885743129,
2352.214904959, 0.887124888,
2352.235336701, 0.889080082,
2352.255768243, 0.888065131,
2352.276199885, 0.888985085,
2352.296631627, 0.889511901,
2352.317063169, 0.893694526,
2352.337494811, 0.895442354,
2352.357926553, 0.893574824,
2352.378358194, 0.891037571,
2352.419221478, 0.880020003,
2352.439653120, 0.876666751,
2352.480516403, 0.893888645,
2352.500948045, 0.895042695,
2352.521379687, 0.896122132,
2352.541811328, 0.896525483,
2352.562243070, 0.897503269,
2352.582674712, 0.898847100,
2352.603106253, 0.898827466,
2352.623537995, 0.899132748,
2352.664401178, 0.901367600,
2352.684832920, 0.903564309,
2352.705264461, 0.903450353,
2352.725696203, 0.903674425,
2352.746127845, 0.903539332,
2352.766559386, 0.903259444,
2352.786991128, 0.901150148,
2352.807422769, 0.899640713,
2352.827854311, 0.898270778,
2352.848286052, 0.896654842,
2352.868717694, 0.894869750,
2352.909580976, 0.893897288,
2352.930012618, 0.894702137,
2352.950444359, 0.894918363,
2352.970875901, 0.895250105,
2352.991307542, 0.894977266,
2353.011739284, 0.894360705,
2353.032170825, 0.894664550,
2353.052602466, 0.893219394,
2353.073034208, 0.886409278,
2353.093465849, 0.888569959,
2353.113897491, 0.888828159,
2353.134329132, 0.888414950,
2353.154760773, 0.889882658,
2353.175192415, 0.892208413,
2353.195624056, 0.894011414,
2353.216055697, 0.892600365,
2353.236487439, 0.896083741,
2353.256918980, 0.898128282,
2353.277350621, 0.899108920,
2353.297782362, 0.896949618,
2353.318213904, 0.891482383,
2353.338645645, 0.875899684,
2353.359077286, 0.878898384,
2353.399940569, 0.901212383,
2353.420372110, 0.900886165,
2353.440803751, 0.898635035,
2353.461235493, 0.898373468,
2353.481667034, 0.900439230,
2353.502098775, 0.902135107,
2353.522530416, 0.903381466,
2353.542961957, 0.899697735,
2353.563393699, 0.901075733,
2353.583825340, 0.904668250,
2353.604256981, 0.903087929,
2353.665552005, 0.903650339,
2353.685983546, 0.901459083,
2353.706415187, 0.901268044,
2353.726846928, 0.898604850,
2353.747278569, 0.895870319,
2353.767710111, 0.896982125,
2353.788141852, 0.894757913,
2353.808573493, 0.893584218,
2353.829005034, 0.891506020,
2353.849436775, 0.888643487,
2353.869868417, 0.886592649,
2353.890300158, 0.887064392,
2353.910731699, 0.888006076,
2353.931163340, 0.890000381,
2353.951595081, 0.890692218,
2353.972026623, 0.892438042,
2353.992458264, 0.891919437,
2354.012890005, 0.891084079,
2354.033321546, 0.890710530,
2354.053753287, 0.892068733,
2354.074184828, 0.892939591,
2354.094616470, 0.894459990,
2354.135479752, 0.895608417,
2354.155911393, 0.892704490,
2354.176343134, 0.895737122,
2354.196774676, 0.898002892,
2354.217206317, 0.900857520,
2354.237638058, 0.892785145,
2354.258069699, 0.878705338,
2354.278501340, 0.886956150,
2354.298932982, 0.897752778,
2354.319364623, 0.899290926,
2354.339796264, 0.899716091,
2354.380659546, 0.898639233,
2354.401091288, 0.898368904,
2354.421522829, 0.899015592,
2354.441954570, 0.901790870,
2354.462386211, 0.905331210,
2354.482817753, 0.905284338,
2354.503249494, 0.904722503,
2354.523681135, 0.907193429,
2354.544112677, 0.908654264,
2354.564544418, 0.910791008,
2354.584976059, 0.911374691,
2354.605407800, 0.909254561,
2354.625839342, 0.906058430,
2354.646270983, 0.901686723,
2354.666702624, 0.900444885,
2354.687134266, 0.897928218,
2354.707565907, 0.895345660,
2354.727997548, 0.893907403,
2354.748429190, 0.892885485,
2354.768860831, 0.887428481,
2354.789292472, 0.886841906,
2354.809724114, 0.889007318,
2354.830155855, 0.887350394,
2354.871019038, 0.888984776,
2354.891450779, 0.889861425,
2354.911882321, 0.890971430,
2354.932313962, 0.894930096,
2354.952745704, 0.895391453,
2354.973177345, 0.894095704,
2354.993608987, 0.892226676,
2355.014040628, 0.895357658,
2355.034472270, 0.895678874,
2355.054904011, 0.893707492,
2355.075335553, 0.894104459,
2355.116198936, 0.896107792,
2355.136630477, 0.897254091,
2355.157062219, 0.885327723,
2355.177493860, 0.880931841,
2355.197925402, 0.893882460,
2355.218357144, 0.898928526,
2355.238788785, 0.899849001,
2355.259220327, 0.900770005,
2355.279652068, 0.902805991,
2355.300083710, 0.900434301,
2355.320515252, 0.898678729,
2355.361378635, 0.908090816,
2355.381810377, 0.907356885,
2355.402241919, 0.908755613,
2355.422673560, 0.909966491,
2355.443105202, 0.911160856,
2355.463536844, 0.907224401,
2355.483968486, 0.905320540,
2355.504400128, 0.906750079,
2355.524831769, 0.903618156,
2355.545263511, 0.900426298,
2355.565695053, 0.897165879,
2355.606558437, 0.896213507,
2355.626990079, 0.893422657,
2355.647421621, 0.895416922,
2355.667853363, 0.895655583,
2355.688285005, 0.895009747,
2355.708716647, 0.894044671,
2355.729148289, 0.892135972,
2355.749579931, 0.892191226,
2355.770011673, 0.890658387,
2355.790443215, 0.891328331,
2355.810874857, 0.891673771,
2355.851738141, 0.895099247,
2355.872169783, 0.894988872,
2355.892601525, 0.889679414,
2355.913033068, 0.892035181,
2355.933464810, 0.891419829,
2355.953896452, 0.894193158,
2355.974327994, 0.896426710,
2355.994759737, 0.899060548,
2356.015191379, 0.897660294,
2356.035623021, 0.895988213,
2356.056054664, 0.894071692,
2356.076486306, 0.879357785,
2356.096917948, 0.885390305,
2356.117349591, 0.902218731,
2356.137781233, 0.903067993,
2356.158212876, 0.903051534,
2356.178644518, 0.901797867,
2356.199076161, 0.904009088,
2356.219507803, 0.905025894,
2356.239939446, 0.906593350,
2356.260371188, 0.907859691,
2356.280802831, 0.907328305,
2356.301234373, 0.904475812,
2356.342097759, 0.907690006,
2356.362529301, 0.908294657,
2356.382961044, 0.908602133,
2356.403392687, 0.911662978,
2356.423824230, 0.911682952,
2356.444255972, 0.907980886,
2356.464687615, 0.905972192,
2356.485119358, 0.901726798,
2356.505550901, 0.900145746,
2356.525982544, 0.897098008,
2356.546414287, 0.895787611,
2356.587277473, 0.886596596,
2356.607709216, 0.886223715,
2356.628140759, 0.886025921,
2356.648572502, 0.890608437,
2356.669004145, 0.891545806,
2356.689435688, 0.889134214,
2356.709867431, 0.890460318,
2356.730299075, 0.894483146,
2356.750730718, 0.896975471,
2356.771162361, 0.896503770,
2356.791594004, 0.893836386,
2356.832457291, 0.895190375,
2356.852888934, 0.900035673,
2356.873320578, 0.902010970,
2356.893752221, 0.900443050,
2356.914183865, 0.901407621,
2356.934615608, 0.902067845,
2356.955047152, 0.901593739,
2356.975478795, 0.892166526,
2356.995910539, 0.878095055,
2357.016342083, 0.885650216,
2357.036773826, 0.900178048,
2357.077637014, 0.902179155,
2357.098068757, 0.903289034,
2357.118500401, 0.899693618,
2357.138931945, 0.900504015,
2357.159363689, 0.906319691,
2357.179795333, 0.905921214,
2357.200227077, 0.907437876,
2357.220658621, 0.912275031,
2357.241090265, 0.915378867,
2357.261522009, 0.913869084,
2357.281953553, 0.910721144,
2357.322816941, 0.902832439,
2357.343248485, 0.902064783,
2357.363680229, 0.904127268,
2357.384111874, 0.901328889,
2357.404543518, 0.899108115,
2357.424975162, 0.899260265,
2357.445406807, 0.899822153,
2357.465838451, 0.896400689,
2357.486270095, 0.893601092,
2357.506701740, 0.892885066,
2357.527133284, 0.893623980,
2357.588428318, 0.895164732,
2357.608859963, 0.894825395,
2357.629291608, 0.894612413,
2357.649723352, 0.893326578,
2357.670154897, 0.894969286,
2357.690586542, 0.896016387,
2357.711018287, 0.897416551,
2357.731449832, 0.899617956,
2357.751881577, 0.899612494,
2357.772313221, 0.897604991,
2357.813176512, 0.899617251,
2357.833608157, 0.897301261,
2357.854039702, 0.898443422,
2357.874471447, 0.899409814,
2357.894903092, 0.886949898,
2357.915334837, 0.883794345,
2357.935766383, 0.892999046,
2357.956198028, 0.899302606,
2357.976629774, 0.900418544,
2357.997061319, 0.902132092,
2358.017492964, 0.903295782,
2358.058356355, 0.905378066,
2358.078788001, 0.908526478,
2358.099219647, 0.910429626,
2358.119651292, 0.909373459,
2358.140082938, 0.910271536,
2358.160514584, 0.909193830,
2358.180946130, 0.906585229,
2358.201377876, 0.907072920,
2358.221809522, 0.906416275,
2358.242241068, 0.905015799,
2358.262672814, 0.904050029,
2358.303536206, 0.897398978,
2358.323967752, 0.899903352,
2358.344399398, 0.898428908,
2358.364831144, 0.893886599,
2358.385262691, 0.893829875,
2358.405694337, 0.891764260,
2358.426126083, 0.888868513,
2358.446557630, 0.888195038,
2358.466989376, 0.887706328,
2358.487421023, 0.889400452,
2358.507852569, 0.890179324,
2358.548715962, 0.893230333,
2358.569147509, 0.892305446,
2358.589579256, 0.894943457,
2358.610010903, 0.896794796,
2358.630442650, 0.896455884,
2358.650874197, 0.897113863,
2358.671305843, 0.896910010,
2358.691737591, 0.894655730,
2358.712169238, 0.895950330,
2358.732600785, 0.897841697,
2358.753032532, 0.898787607,
2358.793895726, 0.892120926,
2358.814327474, 0.882240092,
2358.834759021, 0.886599761,
2358.855190768, 0.900767858,
2358.875622416, 0.904319606,
2358.896053963, 0.902830120,
2358.916485711, 0.902281907,
2358.936917359, 0.902988989,
2358.957348906, 0.904268667,
2358.977780654, 0.906024111,
2358.998212302, 0.907901489,
2359.039075597, 0.908767550,
2359.059507245, 0.911731772,
2359.079938993, 0.913717385,
2359.100370541, 0.910732178,
2359.120802190, 0.909830622,
2359.141233938, 0.906544602,
2359.161665486, 0.903409647,
2359.182097234, 0.901377383,
2359.202528883, 0.900409818,
2359.222960431, 0.899612858,
2359.243392179, 0.897151618,
2359.284255476, 0.890916319,
2359.304687125, 0.891217635,
2359.325118774, 0.890680451,
2359.345550422, 0.890693733,
2359.365982071, 0.889308746,
2359.386413720, 0.890383595,
2359.406845469, 0.892000001,
2359.427277118, 0.888812922,
2359.447708667, 0.890651429,
2359.468140416, 0.893379170,
2359.488572065, 0.891992244,
2359.529435363, 0.897413592,
2359.549866913, 0.898999068,
2359.570298662, 0.900474796,
2359.590730312, 0.899674124,
2359.611161861, 0.896216211,
2359.631593610, 0.900446872,
2359.652025260, 0.901714723,
2359.672456810, 0.902955318,
2359.692888559, 0.902980868,
2359.713320209, 0.892184716,
2359.733751959, 0.880864638,
2359.754183509, 0.891700147,
2359.774615159, 0.901254980,
2359.795046909, 0.901762883,
2359.815478459, 0.903214220,
2359.835910109, 0.904622452,
2359.856341859, 0.906079063,
2359.876773410, 0.907589762,
2359.897205160, 0.907733832,
2359.917636810, 0.909546245,
2359.938068461, 0.909594574,
2359.958500111, 0.909958602,
2359.978931762, 0.909908069,
2360.019795063, 0.909278936,
2360.101521667, 0.900178704,
2360.142385069, 0.897410445,
2360.162816620, 0.896458836,
2360.183248371, 0.893735216,
2360.203679923, 0.893081634,
2360.224111574, 0.892159510,
2360.264974877, 0.893276188,
2360.285406628, 0.892504438,
2360.305838280, 0.892146584,
2360.326269832, 0.891643619,
2360.346701583, 0.890970068,
2360.367133235, 0.889278621,
2360.387564787, 0.890969898,
2360.407996539, 0.892325157,
2360.428428191, 0.894570687,
2360.448859943, 0.895890285,
2360.469291495, 0.897591376,
2360.510154900, 0.900345557,
2360.530586452, 0.902784261,
2360.551018105, 0.898311995,
2360.571449857, 0.900721843,
2360.591881510, 0.903933965,
2360.612313163, 0.902819369,
2360.632744815, 0.886844130,
2360.653176468, 0.883942891,
2360.673608121, 0.898482045,
2360.694039774, 0.901445575,
2360.714471427, 0.903587147,
2360.734903180, 0.904769673,
2360.755334733, 0.905940533,
2360.775766386, 0.907315028,
2360.796198040, 0.908868994,
2360.816629693, 0.908843450,
2360.837061446, 0.909135019,
2360.857493100, 0.911225705,
2360.877924653, 0.910125264,
2360.898356407, 0.908188199,
2360.918787961, 0.907769401,
2360.939219615, 0.910144053,
2360.959651368, 0.907445158,
2361.000514676, 0.900471455,
2361.020946331, 0.898657978,
2361.041377885, 0.898806192,
2361.061809639, 0.897474669,
2361.082241293, 0.895180458,
2361.102672948, 0.893718054,
2361.123104602, 0.893321769,
2361.143536257, 0.892240453,
2361.163968011, 0.892326505,
2361.184399566, 0.892760943,
2361.204831221, 0.893000808,
2361.245694530, 0.890888260,
2361.266126185, 0.893019989,
2361.286557941, 0.894461552,
2361.306989596, 0.895395220,
2361.327421251, 0.895950414,
2361.347852906, 0.898806710,
2361.368284562, 0.898567324,
2361.388716217, 0.895482855,
2361.409147873, 0.902028897,
2361.429579528, 0.899272147,
2361.450011284, 0.899067461,
2361.511306252, 0.901616057,
2361.531737808, 0.899660850,
2361.552169564, 0.885884910,
2361.572601120, 0.887887571,
2361.593032776, 0.904856406,
2361.613464532, 0.905326793,
2361.633896089, 0.905192581,
2361.654327745, 0.905507867,
2361.674759502, 0.907127721,
2361.695191059, 0.908997121,
2361.736054472, 0.909793775,
2361.756486029, 0.909516756,
2361.776917786, 0.908674325,
2361.797349443, 0.907459243,
2361.817781100, 0.907029776,
2361.838212757, 0.907822776,
2361.858644415, 0.907600478,
2361.879076172, 0.906005197,
2361.899507730, 0.905511776,
2361.919939387, 0.902589165,
2361.940371145, 0.900355569,
2361.981234360, 0.899727721,
2362.001666118, 0.894605678,
2362.022097776, 0.893021503,
2362.042529434, 0.890665614,
2362.062961092, 0.891897428,
2362.083392751, 0.890854931,
2362.103824509, 0.896876745,
2362.124256067, 0.892451701,
2362.144687726, 0.893516105,
2362.165119485, 0.895096569,
2362.185551043, 0.895601079,
2362.226414361, 0.898170626,
2362.246846020, 0.899411414,
2362.267277779, 0.900390261,
2362.287709338, 0.899600593,
2362.308140997, 0.899951719,
2362.328572756, 0.898801735,
2362.349004316, 0.900265020,
2362.369436075, 0.902770738,
2362.389867735, 0.904477955,
2362.410299294, 0.904923794,
2362.430731054, 0.905447117,
2362.471594374, 0.883288468,
2362.492026034, 0.897372130,
2362.512457694, 0.908909430,
2362.532889354, 0.908814381,
2362.553321014, 0.907896977,
2362.573752674, 0.908120903,
2362.594184435, 0.907022558,
2362.614616095, 0.908399871,
2362.635047656, 0.910730116,
2362.655479417, 0.911256436,
2362.675911078, 0.913496517,
2362.716774399, 0.905158429,
2362.737206061, 0.916565522,
2362.757637822, 0.912286896,
2362.778069383, 0.905816607,
2362.798501044, 0.904392302,
2362.818932806, 0.902008259,
2362.839364367, 0.900937175,
2362.859796029, 0.898758043,
2362.880227791, 0.897321836,
2362.900659352, 0.896746609,
2362.921091114, 0.893832731,
2362.941522676, 0.892301599,
2362.961954338, 0.893392821,
2362.982386101, 0.893573828,
2363.002817663, 0.893516037,
2363.023249325, 0.897175214,
2363.043681088, 0.898045432,
2363.064112650, 0.897548952,
2363.084544413, 0.897321397,
2363.104976076, 0.900348210,
2363.125407739, 0.903079940,
2363.145839402, 0.902491076,
2363.166271065, 0.902344945,
2363.207134391, 0.900338702,
2363.227566054, 0.902364334,
2363.247997818, 0.902523197,
2363.268429381, 0.903324905,
2363.288861045, 0.904160630,
2363.309292809, 0.905458316,
2363.329724473, 0.906607191,
2363.350156036, 0.908633571,
2363.370587800, 0.893514883,
2363.391019465, 0.890163758,
2363.411451029, 0.904491138,
2363.452314458, 0.909416159,
2363.472746222, 0.908892936,
2363.493177787, 0.909516128,
2363.513609452, 0.909115149,
2363.534041217, 0.909349096,
2363.554472782, 0.909541566,
2363.574904447, 0.909894177,
2363.595336112, 0.910410390,
2363.615767777, 0.910800294,
2363.636199542, 0.909430259,
2363.656631108, 0.909182640,
2363.677062773, 0.907644385,
2363.697494539, 0.905761883,
2363.717926105, 0.905235791,
2363.738357770, 0.903605014,
2363.758789536, 0.902074651,
2363.779221202, 0.900176865,
2363.799652868, 0.897644497,
2363.820084535, 0.896834987,
2363.840516201, 0.895360191,
2363.860947867, 0.895506740,
2363.881379534, 0.896338760,
2363.901811201, 0.898028922,
2363.942674534, 0.896368636,
2363.963106301, 0.897315212,
2363.983537968, 0.896801904,
2364.003969536, 0.894127659,
2364.024401303, 0.897560449,
2364.044832970, 0.898177707,
2364.065264538, 0.898832109,
2364.085696305, 0.900020307,
2364.106127973, 0.902497257,
2364.126559741, 0.902836831,
2364.146991309, 0.904048203,
2364.167422977, 0.904418943,
2364.187854645, 0.904401682,
2364.208286313, 0.906472803,
2364.228717981, 0.906431315,
2364.249149650, 0.907191947,
2364.269581318, 0.903007562,
2364.290013087, 0.887532076,
2364.310444656, 0.895404794,
2364.330876325, 0.913149493,
2364.351308094, 0.914851283,
2364.371739663, 0.912950383,
2364.392171332, 0.914670265,
2364.433034671, 0.910678578,
2364.453466340, 0.911846762,
2364.473898110, 0.911368312,
2364.494329780, 0.911444276,
2364.514761450, 0.912494796,
2364.535193120, 0.911446824,
2364.555624790, 0.912717124,
2364.576056460, 0.912980795,
2364.596488130, 0.914255121,
2364.616919801, 0.912595186,
2364.637351571, 0.909026899,
2364.678214912, 0.901785557,
2364.698646583, 0.900695841,
2364.719078154, 0.900189198,
2364.739509925, 0.900392979,
2364.759941597, 0.900963372,
2364.780373168, 0.901107628,
2364.800804939, 0.899362402,
2364.821236611, 0.898862848,
2364.841668383, 0.901981136,
2364.862099954, 0.903289018,
2364.882531626, 0.902745798,
2364.923394970, 0.897840654,
2364.943826643, 0.898284439,
2364.964258315, 0.899860129,
2364.984689987, 0.900387861,
2365.005121760, 0.902719979,
2365.025553333, 0.903118870,
2365.045985005, 0.903925961,
2365.066416778, 0.903490939,
2365.086848351, 0.905384647,
2365.107280024, 0.907559786,
2365.127711798, 0.909826664,
2365.168575145, 0.909213998,
2365.189006818, 0.897874302,
2365.209438492, 0.884712939,
2365.229870166, 0.898094330,
2365.250301840, 0.908147548,
2365.270733514, 0.910172834,
2365.291165288, 0.910947349,
2365.311596862, 0.912006196,
2365.332028637, 0.913140606,
2365.352460311, 0.912906070,
2365.372891886, 0.912909551,
2365.413755336, 0.913005212,
2365.434186911, 0.913356557,
2365.454618686, 0.912354911,
2365.475050361, 0.911696891,
2365.495481937, 0.911292825,
2365.515913712, 0.910619256,
2365.536345388, 0.911170169,
2365.556777163, 0.910232077,
2365.577208739, 0.907581631,
2365.597640415, 0.905462412,
2365.618072091, 0.903253873,
2365.658935444, 0.896640697,
2365.679367121, 0.899082342,
2365.699798797, 0.897162332,
2365.720230574, 0.896246263,
2365.740662151, 0.893913464,
2365.761093828, 0.896279685,
2365.781525605, 0.897023965,
2365.801957282, 0.897300244,
2365.822388859, 0.897703237,
2365.842820637, 0.899628695,
2365.863252314, 0.900343785,
2365.883683992, 0.902283296,
2365.904115670, 0.903426508,
2365.924547348, 0.904151644,
2365.944979126, 0.903919711,
2365.965410704, 0.906135301,
2365.985842382, 0.906942088,
2366.006274161, 0.908237344,
2366.026705740, 0.911132343,
2366.047137518, 0.912590430,
2366.067569197, 0.913940705,
2366.088000776, 0.911542711,
2366.108432555, 0.894984989,
2366.149295814, 0.903386499,
2366.169727593, 0.910269425,
2366.190159273, 0.910502691,
2366.210590952, 0.911885191,
2366.231022632, 0.911514006,
2366.251454312, 0.912617395,
2366.271885992, 0.913468946,
2366.292317673, 0.913744799,
2366.312749353, 0.913691806,
2366.333181034, 0.912938647,
2366.353612714, 0.912797033,
2366.394476076, 0.908308612,
2366.414907757, 0.907300894,
2366.435339538, 0.905119072,
2366.455771119, 0.904351850,
2366.476202801, 0.902038014,
2366.496634582, 0.901046654,
2366.517066264, 0.900067330,
2366.557929627, 0.897691570,
2366.578361309, 0.895503412,
2366.598793092, 0.896635451,
2366.619224674, 0.897054996,
2366.639656356, 0.898740983,
2366.660088139, 0.900707975,
2366.680519722, 0.903292093,
2366.700951505, 0.905362967,
2366.721383188, 0.905320996,
2366.741814771, 0.904502519,
2366.762246554, 0.904852629,
2366.782678237, 0.909404657,
2366.803109821, 0.910614669,
2366.823541604, 0.909441980,
2366.843973288, 0.909137435,
2366.884836656, 0.905599571,
2366.905268340, 0.905761760,
2366.925700125, 0.906786936,
2366.946131709, 0.907604738,
2366.966563394, 0.909574973,
2366.986995078, 0.910140664,
2367.007426763, 0.906987412,
2367.027858448, 0.894275322,
2367.048290133, 0.899882867,
2367.068721819, 0.915140051,
2367.089153604, 0.915422567,
2367.130016875, 0.915236698,
2367.150448661, 0.914616816,
2367.170880347, 0.911682747,
2367.191311933, 0.912818264,
2367.211743719, 0.911070977,
2367.232175405, 0.911887183,
2367.252607092, 0.910291652,
2367.273038779, 0.909829766,
2367.293470465, 0.910228995,
2367.313902252, 0.908921485,
2367.334333839, 0.910527209,
2367.395628901, 0.906795188,
2367.416060689, 0.905772588,
2367.436492377, 0.904654795,
2367.456923964, 0.902542548,
2367.477355752, 0.898505120,
2367.497787441, 0.899278006,
2367.518219029, 0.899919743,
2367.538650817, 0.899792164,
2367.559082506, 0.899950210,
2367.579514195, 0.901029751,
2367.599945883, 0.901851855,
2367.620377573, 0.902065034,
2367.640809262, 0.905726425,
2367.661240951, 0.908718127,
2367.681672640, 0.907899866,
2367.702104330, 0.905329088,
2367.722536020, 0.904751169,
2367.742967810, 0.905992480,
2367.763399399, 0.906387565,
2367.783831090, 0.907057005,
2367.804262880, 0.908407778,
2367.824694570, 0.910146425,
2367.865557952, 0.909049098,
2367.885989642, 0.909386286,
2367.906421334, 0.911147667,
2367.926853025, 0.900438097,
2367.947284716, 0.892695791,
2367.967716507, 0.905101595,
2367.988148099, 0.914431101,
2368.008579791, 0.915306413,
2368.029011583, 0.914758536,
2368.049443175, 0.915326666,
2368.069874967, 0.915824084,
2368.090306659, 0.916201190,
2368.110738252, 0.916054719,
2368.131170044, 0.918516285,
2368.151601737, 0.919102096,
2368.172033330, 0.916781910,
2368.192465123, 0.913074122,
2368.212896816, 0.911282504,
2368.233328509, 0.910143634,
2368.253760203, 0.909175101,
2368.274191897, 0.907802297,
2368.294623590, 0.907368388,
2368.315055284, 0.907238301,
2368.355918673, 0.901737122,
2368.376350367, 0.900647286,
2368.396782161, 0.898905545,
2368.417213756, 0.902466435,
2368.437645451, 0.905433554,
2368.458077246, 0.901416886,
2368.478508941, 0.899976939,
2368.498940536, 0.901266139,
2368.519372332, 0.902281202,
2368.539804027, 0.903061813,
2368.560235623, 0.905295021,
2368.601099115, 0.904503141,
2368.621530911, 0.907433311,
2368.641962508, 0.908163067,
2368.662394204, 0.905842218,
2368.682826001, 0.906292600,
2368.703257597, 0.906609409,
2368.723689294, 0.908385921,
2368.744121092, 0.908615448,
2368.764552689, 0.912038700,
2368.784984486, 0.915311790,
2368.805416184, 0.912271966,
2368.846279579, 0.904957187,
2368.866711277, 0.899272790,
2368.887142876, 0.911066399,
2368.907574674, 0.912386288,
2368.928006372, 0.913903870,
2368.948438171, 0.914701071,
2368.968869770, 0.916049954,
2368.989301469, 0.916920763,
2369.009733168, 0.917217720,
2369.030164867, 0.914749097,
2369.050596567, 0.913752573,
2369.071028266, 0.913238091,
2369.091459966, 0.913381172,
2369.111891766, 0.910345112,
2369.132323366, 0.913541470,
2369.152755066, 0.912707434,
2369.173186866, 0.908011762,
2369.193618567, 0.905173038,
2369.214050167, 0.904535495,
2369.234481968, 0.903410061,
2369.254913669, 0.903835257,
2369.275345370, 0.904012230,
2369.295777072, 0.905627700,
2369.357072177, 0.900430451,
2369.377503878, 0.900243292,
2369.397935681, 0.902517413,
2369.418367283, 0.901617401,
2369.438799085, 0.903796230,
2369.459230788, 0.907399516,
2369.479662391, 0.909542096,
2369.500094193, 0.909082520,
2369.520525897, 0.907132675,
2369.540957500, 0.907086716,
2369.581821007, 0.907025449,
2369.602252710, 0.908653407,
2369.622684414, 0.908711529,
2369.643116118, 0.909656497,
2369.663547822, 0.910177920,
2369.683979527, 0.912388632,
2369.704411231, 0.911566500,
2369.724842936, 0.914519153,
2369.745274641, 0.910510046,
2369.765706446, 0.896086086,
2369.786138051, 0.900486324,
2369.827001562, 0.917128237,
2369.847433267, 0.916534373,
2369.867864873, 0.916557540,
2369.888296679, 0.915317389,
2369.908728385, 0.914864784,
2369.929160092, 0.914322576,
2369.949591798, 0.914323105,
2369.970023505, 0.913281450,
2369.990455311, 0.915752165,
2370.010886918, 0.916190460,
2370.031318626, 0.913737564,
2370.072182040, 0.903693715,
2370.092613748, 0.905266083,
2370.113045556, 0.905122371,
2370.133477164, 0.903644027,
2370.153908972, 0.902604018,
2370.174340680, 0.904411421,
2370.194772289, 0.903742026,
2370.215204097, 0.900416601,
2370.235635806, 0.900481258,
2370.256067515, 0.900224020,
2370.276499224, 0.901711980,
2370.296930933, 0.902883171,
2370.317362743, 0.903447881,
2370.337794353, 0.907664830,
2370.358226062, 0.910064842,
2370.378657772, 0.908298123,
2370.399089482, 0.907012581,
2370.419521193, 0.907305778,
2370.439952903, 0.909015705,
2370.460384614, 0.909195523,
2370.480816425, 0.911255667,
2370.501248136, 0.912033277,
2370.521679747, 0.914514047,
2370.562543270, 0.911661602,
2370.582974881, 0.912311307,
2370.603406693, 0.912402848,
2370.623838405, 0.913452979,
2370.644270217, 0.912075021,
2370.664701830, 0.903372501,
2370.685133542, 0.898310585,
2370.705565355, 0.909073860,
2370.725996968, 0.916308234,
2370.746428681, 0.916527611,
2370.766860494, 0.917235568,
2370.807723921, 0.915948158,
2370.828155635, 0.918307038,
2370.848587249, 0.918275349,
2370.869019063, 0.914812358,
2370.889450777, 0.914444237,
2370.909882392, 0.912745232,
2370.930314206, 0.912397023,
2370.950745921, 0.909939824,
2370.971177636, 0.912574942,
2370.991609351, 0.912711562,
2371.012041067, 0.908189879,
2371.052904498, 0.906447097,
2371.073336214, 0.905118828,
2371.093767930, 0.902593295,
2371.114199646, 0.901449994,
2371.134631462, 0.900267990,
2371.155063079, 0.900959394,
2371.175494795, 0.902132393,
2371.195926612, 0.905739586,
2371.216358329, 0.909043354,
2371.236789947, 0.907412510,
2371.257221764, 0.905620340,
2371.298085299, 0.909279296,
2371.318516917, 0.909921358,
2371.338948636, 0.909867823,
2371.359380454, 0.909940024,
2371.379812072, 0.910787201,
2371.400243791, 0.910858843,
2371.420675610, 0.910858857,
2371.441107229, 0.910786130,
2371.461539048, 0.911196404,
2371.481970768, 0.912335870,
2371.502408146, 0.913219278,
2371.522834181, 0.913322756,
2371.543265901, 0.913416197,
2371.563697521, 0.914369556,
2371.584129341, 0.900854192,
2371.604561062, 0.901640939,
2371.624992882, 0.916951150,
2371.645424503, 0.918562892,
2371.665856224, 0.917786192,
2371.686288046, 0.916596024,
2371.706719667, 0.916694385,
2371.727151389, 0.917173688,
2371.747583210, 0.916489705,
2371.788446554, 0.915847709,
2371.808878377, 0.912614446,
2371.829310099, 0.912466158,
2371.849741822, 0.912179647,
2371.870173545, 0.910366262,
2371.890605268, 0.908034865,
2371.911037091, 0.909592348,
2371.931468714, 0.909127448,
2371.951900438, 0.908333795,
2371.972332262, 0.905462707,
2371.992763886, 0.902519770,
2372.033627434, 0.900931279,
2372.054059059, 0.902764030,
2372.074490883, 0.906354098,
2372.094922508, 0.907663020,
2372.115354233, 0.907031524,
2372.135786059, 0.907173959,
2372.156217684, 0.908271334,
2372.176649510, 0.910197807,
2372.197081236, 0.910256998,
2372.217512862, 0.911076943,
2372.237944688, 0.912100092,
2372.278808141, 0.908586461,
2372.299239867, 0.913774335,
2372.319671594, 0.913768845,
2372.340103422, 0.906717058,
2372.360535049, 0.908805654,
2372.380966776, 0.912571867,
2372.401398604, 0.913559705,
2372.421830332, 0.908418301,
2372.442261960, 0.909951990,
2372.462693788, 0.914512349,
2372.483125517, 0.910244209,
2372.503557245, 0.899138981,
2372.523988974, 0.906236536,
2372.544420703, 0.918325817,
2372.564852433, 0.919342800,
2372.585284162, 0.919792343,
2372.605715892, 0.920782853,
2372.626147721, 0.919670448,
2372.646579351, 0.919005385,
2372.667011181, 0.918449450,
2372.687442812, 0.918772063,
2372.707874542, 0.918445216,
2372.728306373, 0.915632911,
2372.769169735, 0.909645715,
2372.789601566, 0.911567112,
2372.810033198, 0.908673958,
2372.830465030, 0.904956428,
2372.850896762, 0.901808279,
2372.871328394, 0.904047777,
2372.891760226, 0.903751998,
2372.912191959, 0.899771885,
2372.932623591, 0.899277289,
2372.953055424, 0.901288182,
2372.973487157, 0.904235124,
2372.993918990, 0.908017219,
2373.014350624, 0.908898348,
2373.034782358, 0.907325591,
2373.055214191, 0.908484890,
2373.075645925, 0.910618106,
2373.096077560, 0.910294869,
2373.116509394, 0.911203905,
2373.136941129, 0.911809951,
2373.157372864, 0.914258270,
2373.177804599, 0.914660569,
2373.198236334, 0.911716784,
2373.218668169, 0.912395189,
2373.279963377, 0.906979531,
2373.300395013, 0.908890026,
2373.320826849, 0.910989866,
2373.341258486, 0.913023981,
2373.361690223, 0.911673618,
2373.382122060, 0.912954858,
2373.402553697, 0.903668925,
2373.422985434, 0.900157082,
2373.443417272, 0.911791478,
2373.463848910, 0.918138756,
2373.484280748, 0.914676547,
2373.504712486, 0.916138118,
2373.525144124, 0.917530230,
2373.545575963, 0.918520176,
2373.566007702, 0.915291396,
2373.586439341, 0.910771477,
2373.606871180, 0.911898776,
2373.627302919, 0.913684494,
2373.647734759, 0.913188346,
2373.668166399, 0.914200155,
2373.688598139, 0.913381100,
2373.709029979, 0.910712941,
2373.729461619, 0.908191786,
2373.749893360, 0.907098866,
2373.770325201, 0.906480586,
2373.790756942, 0.907832210,
2373.811188583, 0.906969972,
2373.831620424, 0.906119567,
2373.852052166, 0.906109204,
2373.872483908, 0.905556547,
2373.892915650, 0.906128860,
2373.913347392, 0.909186958,
2373.933779234, 0.910455573,
2373.954210877, 0.909808711,
2373.995074463, 0.912024901,
2374.015506106, 0.909958505,
2374.035937950, 0.911174620,
2374.056369593, 0.912792017,
2374.076801337, 0.913689635,
2374.097233181, 0.913344493,
2374.117664826, 0.913703725,
2374.138096570, 0.913758532,
2374.158528415, 0.915346955,
2374.178960060, 0.917099371,
2374.199391905, 0.915334146,
2374.240255296, 0.909918424,
2374.260687141, 0.912662390,
2374.281118887, 0.913273235,
2374.301550633, 0.910268930,
2374.321982380, 0.896828873,
2374.342414126, 0.900468151,
2374.362845973, 0.917405158,
2374.383277620, 0.917966508,
2374.403709367, 0.913551614,
2374.424141214, 0.914822218,
2374.444572962, 0.918465302,
2374.465004610, 0.913247872,
2374.485436458, 0.912155740,
2374.505868206, 0.913065101,
2374.526299954, 0.917178142,
2374.546731703, 0.916568669,
2374.567163452, 0.913366280,
2374.587595301, 0.911406885,
2374.608026950, 0.910134281,
2374.628458700, 0.910232586,
2374.648890549, 0.908321890,
2374.669322199, 0.907310086,
2374.689754049, 0.906659895,
2374.730617450, 0.906316003,
2374.751049301, 0.908453955,
2374.771480952, 0.906792008,
2374.791912703, 0.904535076,
2374.812344554, 0.906346079,
2374.832776206, 0.909290281,
2374.853208058, 0.909691430,
2374.873639810, 0.910203497,
2374.894071462, 0.910807082,
2374.914503315, 0.912447617,
2374.934935067, 0.913577663,
2374.975798573, 0.912435789,
2374.996230327, 0.912511092,
2375.016662180, 0.914203363,
2375.037093834, 0.914162459,
2375.057525588, 0.914682859,
2375.077957442, 0.915297086,
2375.098389196, 0.915694200,
2375.118820951, 0.918546461,
2375.139252706, 0.918733907,
2375.159684461, 0.917337201,
2375.180116216, 0.918016947,
2375.241411583, 0.897781920,
2375.261843239, 0.905823365,
2375.282275095, 0.919571568,
2375.302706852, 0.915165086,
2375.323138508, 0.912266345,
2375.343570366, 0.914635079,
2375.364002023, 0.915703662,
2375.384433780, 0.916925213,
2375.404865638, 0.917990706,
2375.425297396, 0.917794976,
2375.445729154, 0.915026474,
2375.466160912, 0.912610743,
2375.486592570, 0.911499356,
2375.507024429, 0.909694281,
2375.527456188, 0.910013481,
2375.547887847, 0.908411918,
2375.568319706, 0.906560005,
2375.588751466, 0.905949589,
2375.609183326, 0.906227079,
2375.629614986, 0.907263160,
2375.650046746, 0.907723100,
2375.670478607, 0.904666980,
2375.711342028, 0.906354333,
2375.731773889, 0.908661850,
2375.752205551, 0.908787882,
2375.772637412, 0.908349311,
2375.793069174, 0.908581763,
2375.813500936, 0.909667044,
2375.833932698, 0.911506137,
2375.854364461, 0.911953671,
2375.874796223, 0.912185525,
2375.895228086, 0.912380995,
2375.915659750, 0.913089712,
2375.956523376, 0.915817798,
2375.976955040, 0.914533505,
2375.997386904, 0.913937677,
2376.017818669, 0.915498776,
2376.038250333, 0.917504915,
2376.058682198, 0.917531392,
2376.079113863, 0.918281344,
2376.099545628, 0.919006690,
2376.119977493, 0.919123773,
2376.140409159, 0.907178856,
2376.160841025, 0.900775357,
2376.201704457, 0.921675272,
2376.222136323, 0.922080151,
2376.242568090, 0.920213359,
2376.262999757, 0.917877251,
2376.283431624, 0.917130954,
2376.303863392, 0.917660278,
2376.324295259, 0.915495546,
2376.344726927, 0.913812424,
2376.365158695, 0.911935098,
2376.385590563, 0.910234876,
2376.406022232, 0.910158616,
2376.446885870, 0.907189776,
2376.467317639, 0.905007724,
2376.487749408, 0.903936148,
2376.508181178, 0.903430581,
2376.528612948, 0.903994114,
2376.549044718, 0.905998985,
2376.569476488, 0.903765936,
2376.589908259, 0.901361050,
2376.610340130, 0.904297658,
2376.630771801, 0.910635515,
2376.651203672, 0.918166141,
2376.692067115, 0.902420261,
2376.712498987, 0.904575054,
2376.732930660, 0.906359409,
2376.753362432, 0.908481182,
2376.773794305, 0.909131583,
2376.794225978, 0.909989434,
2376.814657851, 0.911591522,
2376.835089624, 0.911561599,
2376.855521298, 0.912441257,
2376.875953171, 0.912861541,
2376.896384945, 0.916222141,
2376.937248494, 0.915176871,
2376.957680269, 0.914627462,
2376.978112144, 0.917427809,
2376.998543819, 0.918018818,
2377.018975595, 0.919021683,
2377.039407470, 0.915822016,
2377.059839146, 0.901518937,
2377.080270922, 0.906734201,
2377.100702799, 0.914419134,
2377.121134575, 0.916494091,
2377.141566352, 0.916988453,
2377.182429907, 0.917726512,
2377.202861684, 0.915734982,
2377.223293462, 0.912265657,
2377.243725240, 0.911512280,
2377.264157118, 0.910555047,
2377.284588797, 0.907897660,
2377.305020675, 0.903640147,
2377.325452455, 0.904387161,
2377.345884134, 0.903967929,
2377.366316013, 0.903130869,
2377.386747793, 0.900677029,
2377.407179473, 0.902466008,
2377.427611353, 0.902878056,
2377.468474914, 0.902807624,
2377.488906695, 0.903516102,
2377.509338376, 0.902569518,
2377.529770257, 0.902652872,
2377.550202039, 0.906121661,
2377.570633720, 0.909440565,
2377.591065602, 0.908315491,
2377.611497385, 0.904472127,
2377.631929267, 0.905731084,
2377.672792733, 0.909392717,
2377.693224616, 0.907407925,
2377.713656300, 0.909201394,
2377.734088084, 0.911658438,
2377.754519967, 0.911291325,
2377.774951752, 0.912655678,
2377.795383536, 0.915113015,
2377.815815321, 0.916293577,
2377.836247106, 0.915649484,
2377.856678891, 0.917161389,
2377.877110676, 0.917637566,
2377.917974348, 0.903134472,
2377.938406034, 0.915880157,
2377.958837921, 0.913640612,
2377.979269707, 0.905534843,
2377.999701394, 0.911218861,
2378.020133281, 0.919571763,
2378.040565068, 0.916765551,
2378.060996756, 0.918119565,
2378.081428644, 0.915570752,
2378.101860332, 0.913463445,
2378.122292220, 0.913793615,
2378.142724009, 0.911834239,
2378.163155698, 0.910128157,
2378.183587587, 0.909787210,
2378.204019376, 0.907889044,
2378.224451066, 0.905674808,
2378.244882955, 0.905019393,
2378.265314745, 0.903581971,
2378.285746636, 0.903796908,
2378.306178326, 0.907380074,
2378.326610117, 0.902162062,
2378.347042008, 0.899648805,
2378.367473699, 0.899892620,
2378.408337383, 0.901908742,
2378.428769075, 0.899231044,
2378.449200967, 0.901152736,
2378.469632759, 0.904178018,
2378.490064552, 0.904114225,
2378.510496345, 0.907227003,
2378.530928138, 0.908537072,
2378.551359932, 0.908351779,
2378.571791726, 0.909685775,
2378.592223520, 0.910566833,
2378.612655414, 0.910854141,
2378.653518903, 0.911925124,
2378.673950798, 0.911318338,
2378.694382593, 0.914186327,
2378.714814289, 0.914365399,
2378.735246184, 0.915165178,
2378.755677880, 0.916010665,
2378.776109777, 0.916753364,
2378.796541573, 0.918971895,
2378.816973270, 0.924281655,
2378.837405167, 0.920184112,
2378.857836964, 0.916149497,
2378.898700559, 0.899312266,
2378.919132357, 0.911857189,
2378.939564256, 0.916392852,
2378.959995954, 0.917541824,
2378.980427753, 0.915777097,
2379.000859652, 0.915328794,
2379.021291351, 0.915242706,
2379.041723150, 0.912584611,
2379.062155050, 0.910460152,
2379.082586750, 0.908334000,
2379.103018650, 0.907568254,
2379.143882252, 0.905501465,
2379.164314053, 0.903331208,
2379.184745854, 0.901729231,
2379.205177655, 0.899119243,
2379.225609457, 0.899520009,
2379.246041259, 0.901291997,
2379.266473162, 0.901199347,
2379.286904964, 0.898959956,
2379.307336667, 0.898628603,
2379.327768570, 0.901278654,
2379.348200373, 0.901747526,
2379.368632077, 0.901969597,
2379.389063981, 0.903710620,
2379.409495785, 0.906757087,
2379.429927489, 0.907589000,
2379.450359394, 0.907425274,
2379.470791098, 0.908750572,
2379.491223003, 0.909530549,
2379.511654809, 0.910841490,
2379.532086514, 0.911203734,
2379.552518420, 0.914442471,
2379.572950226, 0.917010560,
2379.593381933, 0.914826015,
2379.634245646, 0.919028953,
2379.654677553, 0.915614031,
2379.675109261, 0.917235979,
2379.695541069, 0.917036272,
2379.715972976, 0.918524096,
2379.736404685, 0.920935649,
2379.756836493, 0.921168636,
2379.777268402, 0.916563381,
2379.797700211, 0.902273148,
2379.818132020, 0.903033174,
2379.838563829, 0.917044305,
2379.879427449, 0.917792552,
2379.899859259, 0.914513043,
2379.920291070, 0.914404705,
2379.940722981, 0.913469731,
2379.961154692, 0.909873891,
2379.981586603, 0.909115684,
2380.002018415, 0.908622632,
2380.022450127, 0.906017171,
2380.042882039, 0.903547795,
2380.063313851, 0.902488346,
2380.083745563, 0.901204065,
2380.124609190, 0.899372675,
2380.145041103, 0.899805367,
2380.165472917, 0.899213950,
2380.185904630, 0.900660618,
2380.206336545, 0.902564888,
2380.226768359, 0.902834507,
2380.247200074, 0.901794676,
2380.267631989, 0.902350903,
2380.288063804, 0.904456737,
2380.308495720, 0.905565271,
2380.328927435, 0.910946333,
2380.369791168, 0.909203159,
2380.390222884, 0.909174403,
2380.410654701, 0.907645685,
2380.431086618, 0.910713132,
2380.451518336, 0.912634584,
2380.471950253, 0.911913964,
2380.492382071, 0.914699967,
2380.512813889, 0.916129243,
2380.533245708, 0.915773418,
2380.553677526, 0.916924739,
2380.574109345, 0.918170399,
2380.614972984, 0.919196978,
2380.635404904, 0.916113625,
2380.655836724, 0.918811609,
2380.676268444, 0.920383215,
2380.696700365, 0.909355967,
2380.717132185, 0.900602108,
2380.737563906, 0.908105189,
2380.757995828, 0.919000273,
2380.778427550, 0.918242916,
2380.798859471, 0.916285788,
2380.819291293, 0.917233923,
2380.860154939, 0.910055689,
2380.880586762, 0.909727800,
2380.901018485, 0.906718115,
2380.921450408, 0.906044868,
2380.941882232, 0.905506888,
2380.962314156, 0.902995780,
2380.982745881, 0.902204908,
2381.003177705, 0.901045501,
2381.023609630, 0.900361411,
2381.044041355, 0.903764194,
2381.064473181, 0.902357778,
2381.105336932, 0.902782982,
2381.125768758, 0.902885115,
2381.146200585, 0.902189997,
2381.166632412, 0.902216491,
2381.187064239, 0.902829793,
2381.207496066, 0.905518252,
2381.227927894, 0.911620356,
2381.248359721, 0.908941777,
2381.268791550, 0.905315961,
2381.289223478, 0.906538274,
2381.309655307, 0.909220578,
2381.350518965, 0.910421123,
2381.370950794, 0.909995731,
2381.391382524, 0.913404051,
2381.411814454, 0.913906444,
