BJD - 2454833, Corrected Flux
3264.143146525, 1.001199867,
3264.163581859, 0.999794715,
3264.184017393, 1.005126726,
3264.204452827, 1.004984495,
3264.224888162, 1.004113595,
3264.245323697, 1.001447576,
3264.265759132, 1.002684274,
3264.286194568, 1.002427872,
3264.306630004, 1.000785667,
3264.327065440, 1.000256727,
3264.347500877, 1.001415879,
3264.388371751, 1.005386672,
3264.408807189, 1.005564820,
3264.429242626, 1.008831892,
3264.449678065, 1.008814803,
3264.551855261, 1.014031501,
3264.572290701, 1.014645786,
3264.592726241, 1.011708471,
3264.613161582, 1.012788550,
3264.633597123, 1.011769326,
3264.654032565, 1.013567740,
3264.674467906, 1.014302742,
3264.694903449, 1.016083382,
3264.715338891, 1.014699456,
3264.735774234, 1.016357496,
3264.756209777, 1.003558613,
3264.776645220, 0.995433125,
3264.797080564, 1.003727582,
3264.817516108, 1.011693614,
3264.837951552, 1.007313064,
3264.878822442, 1.000006014,
3264.899257887, 0.996769985,
3264.919693433, 0.997458495,
3264.940128879, 0.998798634,
3264.960564225, 0.998765009,
3264.980999771, 0.999405433,
3265.001435218, 1.001669429,
3265.021870565, 1.002948056,
3265.042306113, 1.003786156,
3265.062741461, 1.002454631,
3265.083176909, 1.000428660,
3265.124047806, 1.000933431,
3265.144483355, 0.999666174,
3265.164918805, 1.009019761,
3265.185354154, 0.999377792,
3265.205789704, 0.999436833,
3265.226225155, 0.997483391,
3265.246660506, 1.000074562,
3265.267096057, 1.003995661,
3265.287531508, 1.003546163,
3265.307966859, 1.004719113,
3265.328402411, 1.008246720,
3265.369273416, 1.007287236,
3265.451015130, 1.009534333,
3265.471450584, 1.007347179,
3265.491886138, 1.008866500,
3265.512321593, 1.010364939,
3265.532756948, 1.012646773,
3265.553192503, 1.017341815,
3265.573627959, 1.020095641,
3265.614498871, 1.025586019,
3265.634934328, 1.017417508,
3265.655369785, 1.004191177,
3265.675805242, 0.991400313,
3265.696240700, 0.988963212,
3265.716676257, 1.002812891,
3265.757547074, 1.003531162,
3265.777982533, 1.001498474,
3265.798417992, 1.003715602,
3265.818853551, 1.003269402,
3265.859724371, 1.003075228,
3265.880159931, 1.002214875,
3265.900595292, 1.003315571,
3265.921030753, 1.003731151,
3265.941466314, 1.002337692,
3265.961901676, 1.003036948,
3265.982337138, 1.002839308,
3266.002772700, 1.002545444,
3266.023208162, 1.001979649,
3266.043643625, 1.003399760,
3266.064079088, 1.006624199,
3266.084514552, 0.999298541,
3266.104950015, 0.998357628,
3266.125385479, 0.999617914,
3266.145820944, 1.000357882,
3266.166256508, 1.002225335,
3266.186691873, 1.003534885,
3266.207127339, 1.004937709,
3266.227562904, 1.005381721,
3266.247998270, 1.002233417,
3266.268433836, 1.018700557,
3266.288869303, 1.005592313,
3266.309304669, 1.010824618,
3266.370611071, 1.012120386,
3266.391046639, 1.014566753,
3266.411482108, 1.015680175,
3266.431917476, 1.017755664,
3266.452353045, 1.014782295,
3266.472788414, 1.015506885,
3266.493223984, 1.011889713,
3266.513659453, 1.012844886,
3266.534094924, 1.012074892,
3266.554530394, 1.014040351,
3266.595401336, 0.998552293,
3266.615836807, 0.998670380,
3266.636272278, 1.011302526,
3266.656707750, 1.009732588,
3266.677143222, 1.009385858,
3266.697578695, 1.006933437,
3266.718014268, 1.004432105,
3266.738449741, 1.004370229,
3266.758885114, 1.003875309,
3266.779320688, 1.002523419,
3266.799756162, 0.999302081,
3266.820191536, 0.999542172,
3266.840627111, 1.001229495,
3266.861062586, 1.000261623,
3266.881498161, 0.998223777,
3266.901933536, 0.996573228,
3266.922369012, 0.997752647,
3266.942804588, 0.997070394,
3266.963239964, 0.999994307,
3266.983675441, 1.002257584,
3267.004111018, 1.005272662,
3267.024546395, 1.006607660,
3267.044981873, 1.001963933,
3267.085852829, 1.004178995,
3267.106288407, 1.004820643,
3267.126723886, 1.004151343,
3267.147159265, 1.005685156,
3267.167594844, 1.004047739,
3267.188030324, 1.004528621,
3267.208465704, 1.005337180,
3267.228901284, 1.007986447,
3267.249336764, 1.004289284,
3267.269772145, 1.003835006,
3267.290207726, 1.006257656,
3267.331078789, 1.016822597,
3267.351514171, 1.017880491,
3267.371949653, 1.018030543,
3267.392385236, 1.019443860,
3267.412820619, 1.020091421,
3267.433256102, 1.016936502,
3267.453691685, 1.016860761,
3267.474127069, 1.013605578,
3267.494562553, 1.001068686,
3267.514998137, 0.991480673,
3267.535433522, 0.998423561,
3267.555869107, 1.002992081,
3267.576304592, 1.002409451,
3267.596739977, 1.001331755,
3267.617175563, 1.000733741,
3267.637611049, 1.002013865,
3267.658046535, 1.002276671,
3267.678482022, 1.002497184,
3267.698917509, 1.003562393,
3267.719352996, 1.001249138,
3267.739788484, 0.995571955,
3267.760223971, 1.000496366,
3267.780659559, 1.002170879,
3267.821530436, 1.006072678,
3267.841965925, 1.004591864,
3267.862401414, 1.004279298,
3267.882836904, 1.002992810,
3267.903272494, 1.005489448,
3267.923707884, 0.999971134,
3267.944143374, 0.996357884,
3267.964578965, 0.996511876,
3267.985014356, 0.996504952,
3268.005449947, 0.999093183,
3268.025885438, 1.000544475,
3268.066756422, 1.002259058,
3268.087191914, 1.003963954,
3268.107627307, 1.002955990,
3268.128062900, 1.007042785,
3268.148498393, 1.003477638,
3268.168933986, 1.003069704,
3268.189369380, 1.006200371,
3268.230240469, 1.010779453,
3268.250675863, 1.015251374,
3268.271111358, 1.018244949,
3268.311982349, 1.010681609,
3268.332417844, 1.010507312,
3268.352853440, 1.011659649,
3268.373288937, 1.011478627,
3268.393724433, 1.008097296,
3268.414159930, 0.994722496,
3268.434595427, 0.989561125,
3268.455030925, 1.006286015,
3268.475466422, 1.009087346,
3268.495901920, 1.009718078,
3268.516337419, 1.006844055,
3268.557208316, 1.004026433,
3268.577643915, 1.003389866,
3268.598079414, 1.001254452,
3268.618515014, 1.000379643,
3268.638950414, 1.000325387,
3268.659385914, 1.000539906,
3268.679821515, 1.001663472,
3268.700256915, 0.999731626,
3268.720692416, 0.998522092,
3268.741128018, 0.998225318,
3268.761563419, 0.999991913,
3268.802434523, 1.007137642,
3268.822869926, 1.006700831,
3268.843305528, 1.005335986,
3268.863741031, 1.003713883,
3268.884176535, 1.003561980,
3268.904612038, 1.003482171,
3268.925047542, 1.003070823,
3268.945483046, 1.003813759,
3268.965918550, 1.003515856,
3268.986354055, 1.004005426,
3269.006789560, 1.006040133,
3269.027225165, 1.005120758,
3269.047660571, 1.007706068,
3269.068096176, 1.008663011,
3269.088531682, 1.008611959,
3269.108967089, 1.011750223,
3269.129402695, 1.013695574,
3269.149838202, 1.011810888,
3269.170273609, 1.010654421,
3269.190709216, 1.010612443,
3269.211144624, 1.013777689,
3269.231580132, 1.013640183,
3269.252015740, 1.013578278,
3269.292886757, 1.016802589,
3269.313322266, 1.006646729,
3269.333757675, 0.992506853,
3269.354193285, 0.994269671,
3269.374628795, 1.007688545,
3269.395064305, 1.007352693,
3269.415499815, 1.002953061,
3269.435935326, 1.000977720,
3269.456370837, 0.997833342,
3269.476806348, 0.996118691,
3269.497241859, 0.998423546,
3269.517677471, 0.998048191,
3269.538112983, 1.000871466,
3269.558548395, 1.009266964,
3269.578984007, 1.004690279,
3269.599419520, 1.009283451,
3269.619854933, 1.005896644,
3269.640290547, 1.005784577,
3269.660726060, 1.006935648,
3269.681161474, 1.005925994,
3269.701597088, 1.005663940,
3269.722032602, 1.004625400,
3269.742468217, 1.004136047,
3269.783339147, 1.001045009,
3269.803774762, 0.999882888,
3269.824210178, 1.000197673,
3269.844645694, 1.001439201,
3269.865081210, 1.001082079,
3269.885516727, 1.001872019,
3269.905952343, 1.003530666,
3269.926387761, 1.005303058,
3269.946823278, 1.004569105,
3269.967258895, 1.007376572,
3269.987694313, 1.010491963,
3270.028565449, 1.001431187,
3270.049000968, 1.007340181,
3270.069436387, 1.012148617,
3270.089872006, 1.016940566,
3270.110307525, 1.018804113,
3270.130743045, 1.011640495,
3270.151178565, 1.010470702,
3270.171614085, 1.010828065,
3270.192049705, 1.009356547,
3270.212485126, 1.010331763,
3270.232920647, 0.997781564,
3270.294227211, 1.001797555,
3270.314662833, 1.001099178,
3270.335098256, 0.998206905,
3270.355533878, 0.998631601,
3270.375969401, 0.998126040,
3270.396404824, 0.999648084,
3270.416840447, 0.999998255,
3270.437275971, 1.000470036,
3270.457711395, 0.999521080,
3270.478147019, 1.001097783,
3270.498582543, 1.001346339,
3270.519018067, 1.002804862,
3270.539453592, 1.001721532,
3270.559889117, 1.004981308,
3270.580324643, 1.004031551,
3270.621195694, 1.003788113,
3270.641631220, 1.004551862,
3270.662066746, 1.002490480,
3270.682502273, 1.002704196,
3270.702937800, 1.003188161,
3270.723373327, 1.003294487,
3270.764244482, 0.997979827,
3270.784679910, 1.000882652,
3270.805115538, 1.003324752,
3270.825551067, 1.003829691,
3270.845986495, 1.005110777,
3270.866422124, 1.009294009,
3270.886857653, 1.010259330,
3270.927728712, 1.014090439,
3270.948164242, 1.017327160,
3270.968599672, 1.017058076,
3271.009470833, 1.012729915,
3271.029906464, 1.010985094,
3271.050341896, 1.010359526,
3271.070777427, 1.010628917,
3271.091213059, 1.010916630,
3271.111648491, 1.011824170,
3271.132084023, 1.008439865,
3271.152519655, 0.992891776,
3271.172955088, 0.991155969,
3271.193390621, 1.005150208,
3271.213826254, 1.005019793,
3271.254697321, 0.992156683,
3271.275132855, 0.995930693,
3271.295568289, 1.000839157,
3271.316003924, 1.003529281,
3271.336439458, 1.002508315,
3271.356874893, 0.995186847,
3271.377310528, 0.994888092,
3271.397746064, 0.994696720,
3271.418181499, 0.997307428,
3271.438617135, 0.999356369,
3271.459052671, 1.003182120,
3271.479488308, 1.005381841,
3271.499923745, 1.006260743,
3271.520359281, 1.006105204,
3271.540794919, 1.005437440,
3271.561230356, 1.007028580,
3271.581665894, 1.003106897,
3271.602101532, 1.002015619,
3271.622536970, 0.999555967,
3271.642972508, 0.999567914,
3271.663408147, 1.000204215,
3271.683843685, 1.003577013,
3271.704279225, 1.004214962,
3271.745150303, 1.005039777,
3271.765585843, 1.007379341,
3271.786021383, 1.011075953,
3271.806456924, 1.010405842,
3271.826892564, 1.013628514,
3271.847328005, 1.017805470,
3271.867763546, 1.014872599,
3271.888199187, 1.018439536,
3271.908634629, 1.019179252,
3271.929070271, 1.019793076,
3271.949505713, 1.018754698,
3271.990376897, 1.016541646,
3272.010812340, 1.015531586,
3272.031247883, 1.013425248,
3272.051683526, 1.002509972,
3272.072118970, 0.989919922,
3272.092554513, 0.994884260,
3272.112990157, 1.006046531,
3272.133425602, 1.004784360,
3272.153861246, 1.004125567,
3272.174296791, 1.003708939,
3272.194732235, 1.003189187,
3272.235603426, 0.999388088,
3272.256038971, 1.000565416,
3272.276474517, 1.004164677,
3272.296910063, 1.005603446,
3272.317345610, 1.002471281,
3272.337781156, 0.999442795,
3272.358216703, 0.998348937,
3272.378652350, 0.999941067,
3272.399087897, 1.000971817,
3272.419523345, 0.999687059,
3272.439958993, 1.001667691,
3272.460394541, 1.002429155,
3272.480829989, 1.003573311,
3272.501265637, 1.002508180,
3272.521701186, 0.999749520,
3272.542136635, 1.000802334,
3272.562572284, 1.001005120,
3272.583007833, 1.001899645,
3272.603443383, 1.003030350,
3272.623878933, 1.004172302,
3272.644314483, 1.004730639,
3272.664750033, 1.004563422,
3272.685185584, 1.008081481,
3272.726056685, 0.997550772,
3272.746492237, 1.005360941,
3272.766927788, 1.008523040,
3272.787363340, 1.015735228,
3272.807798892, 1.020214251,
3272.828234544, 1.016129795,
3272.848669996, 1.010576422,
3272.869105549, 1.010511089,
3272.889541202, 1.007606693,
3272.909976755, 1.009517492,
3272.930412208, 1.008311612,
3272.950847862, 1.006106034,
3272.971283415, 0.995581072,
3272.991718869, 0.988999622,
3273.012154524, 1.000439008,
3273.032590078, 1.006465141,
3273.053025733, 1.004691318,
3273.073461188, 1.002575670,
3273.093896743, 1.016773929,
3273.114332398, 1.002231341,
3273.134767854, 1.001370790,
3273.155203410, 1.001445946,
3273.175639066, 1.002025728,
3273.216510078, 1.002585590,
3273.236945735, 1.008271850,
3273.257381192, 1.005862992,
3273.277816849, 1.007063409,
3273.298252407, 1.007709253,
3273.318687864, 1.006326394,
3273.339123522, 1.005884668,
3273.359558980, 1.006429184,
3273.379994539, 1.004196915,
3273.400430197, 1.006047436,
3273.420865656, 1.004798604,
3273.461736874, 1.000098030,
3273.482172433, 1.003556770,
3273.502607993, 1.001209010,
3273.523043553, 1.002256228,
3273.543479113, 1.004675311,
3273.563914773, 1.005433722,
3273.584350234, 1.008148863,
3273.604785795, 1.010562729,
3273.625221456, 1.011218488,
3273.645656917, 1.011096870,
3273.666092478, 1.014636589,
3273.706963602, 1.013063694,
3273.727399264, 1.015643453,
3273.747834826, 1.016048544,
3273.768270289, 1.014641477,
3273.788705952, 1.014996668,
3273.809141514, 1.016572334,
3273.829576978, 1.014496347,
3273.850012641, 1.012080979,
3273.870448205, 1.007984232,
3273.890883769, 0.991292359,
3273.911319333, 0.990480616,
3273.952190561, 1.001331621,
3273.972626026, 1.000401054,
3273.993061591, 1.002010407,
3274.013497156, 1.003915786,
3274.033932722, 1.000871890,
3274.054368287, 1.002823281,
3274.074803953, 1.001871252,
3274.095239419, 1.003028282,
3274.115674985, 1.004926008,
3274.136110652, 1.005016293,
3274.156546118, 1.004447529,
3274.217852820, 1.001873949,
3274.238288487, 1.001742533,
3274.258724055, 1.003512577,
3274.279159523, 1.004540299,
3274.299595191, 1.005792997,
3274.320030760, 1.003951027,
3274.340466228, 1.002947233,
3274.360901897, 1.002129591,
3274.381337466, 1.002086151,
3274.401773135, 1.001611200,
3274.442644174, 1.003803068,
3274.463079844, 1.007034025,
3274.483515314, 1.002665066,
3274.503950885, 1.001615117,
3274.524386555, 1.005310701,
3274.544822126, 1.004784924,
3274.565257597, 1.007550766,
3274.585693268, 1.011416031,
3274.606128839, 1.009931685,
3274.626564411, 1.015541887,
3274.646999983, 1.016099118,
3274.667435555, 1.016591053,
3274.687871127, 1.016609064,
3274.708306699, 1.013968999,
3274.728742172, 1.014738724,
3274.749177845, 1.013421171,
3274.769613418, 1.011979136,
3274.790048891, 1.004407795,
3274.810484564, 0.989498713,
3274.830920138, 0.993844602,
3274.851355812, 1.004571596,
3274.871791286, 1.002931657,
3274.892226860, 1.002963602,
3274.933098010, 1.002132485,
3274.953533584, 1.004272292,
3274.973969260, 1.004151633,
3274.994404735, 1.004453335,
3275.014840310, 1.001076529,
3275.035275986, 1.001373635,
3275.055711462, 1.004016108,
3275.076147038, 1.005116462,
3275.096582714, 1.004707778,
3275.117018291, 1.004698763,
3275.137453868, 1.005546959,
3275.178325022, 1.002527197,
3275.198760599, 1.004955498,
3275.219196177, 1.004954249,
3275.239631755, 1.005942980,
3275.260067433, 1.002252424,
3275.280502911, 1.001669179,
3275.300938489, 1.000810458,
3275.321374168, 0.999292404,
3275.341809646, 1.000758027,
3275.362245325, 1.002219599,
3275.382680805, 1.003899106,
3275.403116384, 1.006335537,
3275.423552064, 1.010358377,
3275.443987543, 1.012488448,
3275.464423123, 1.010939724,
3275.484858803, 1.014202951,
3275.505294284, 1.017835828,
3275.525729864, 1.014687299,
3275.546165545, 1.015331364,
3275.566601026, 1.015070942,
3275.587036707, 1.015288773,
3275.607472289, 1.012856966,
3275.627907870, 1.013104846,
3275.668779034, 1.008970183,
3275.689214616, 1.010342882,
3275.709650199, 0.992706096,
3275.730085781, 0.985037910,
3275.750521364, 0.997180512,
3275.770957047, 1.002973631,
3275.791392530, 1.003172527,
3275.811828213, 0.997805319,
3275.832263797, 0.999279362,
3275.873134965, 0.998780320,
3275.914006033, 1.005625295,
3275.934441718, 1.004644396,
3275.954877302, 1.002345217,
3275.975312787, 1.002558203,
3275.995748472, 1.004890422,
3276.016184058, 1.004888191,
3276.036619743, 1.005261748,
3276.057055229, 1.004178366,
3276.077490815, 1.005024659,
3276.097926401, 1.001744520,
3276.118361987, 1.002990180,
3276.159233160, 1.002403645,
3276.179668747, 1.002551574,
3276.200104334, 1.005391527,
3276.220539921, 1.003027382,
3276.240975509, 1.004531202,
3276.261411196, 1.002615171,
3276.281846784, 1.000991599,
3276.302282272, 1.003963791,
3276.322717960, 1.005701040,
3276.343153549, 1.008974799,
3276.363589037, 1.010480155,
3276.404460315, 1.011627911,
3276.424895804, 1.014144623,
3276.445331493, 1.018278542,
3276.465767083, 1.018765417,
3276.486202773, 1.019950032,
3276.506638262, 1.016977513,
3276.527073853, 1.014001005,
3276.547509543, 1.011014841,
3276.567945033, 1.009380169,
3276.588380624, 1.016293279,
3276.608816315, 1.001223114,
3276.649687397, 0.981585044,
3276.670123088, 0.996411124,
3276.690558580, 0.999271110,
3276.710994272, 1.000966137,
3276.731429863, 1.001561659,
3276.751865456, 1.002569001,
3276.772301048, 1.002732956,
3276.792736640, 1.000685074,
3276.813172233, 1.000952476,
3276.833607826, 1.000170303,
3276.854043419, 1.001380751,
3276.874478912, 1.005464358,
3276.894914606, 1.004974339,
3276.915350199, 1.004263286,
3276.935785893, 1.005850150,
3276.956221387, 1.006155426,
3276.976656981, 1.005308378,
3276.997092675, 1.005565552,
3277.017528170, 1.004536282,
3277.037963765, 1.002834652,
3277.058399459, 1.001019160,
3277.078834954, 1.000937094,
3277.099270550, 0.998156426,
3277.140141741, 1.000500931,
3277.160577336, 1.002239739,
3277.181013032, 1.003041112,
3277.201448529, 1.004331573,
3277.221884225, 1.005569404,
3277.242319821, 1.006191941,
3277.262755418, 1.008649638,
3277.283191015, 1.009841043,
3277.303626612, 1.013353980,
3277.324062209, 1.013740852,
3277.344497806, 1.015310335,
3277.385369002, 1.015961988,
3277.405804700, 1.016719250,
3277.426240198, 1.013960347,
3277.446675896, 1.012489222,
3277.467111394, 1.008835315,
3277.487546993, 1.005953038,
3277.507982692, 1.005878855,
3277.528418191, 0.992322093,
3277.548853790, 0.983494305,
3277.569289489, 0.989928185,
3277.589724989, 0.998048065,
3277.630596288, 1.000380221,
3277.651031788, 0.996646873,
3277.671467489, 0.996775091,
3277.691903089, 0.998658520,
3277.712338589, 0.999169337,
3277.732774290, 0.999392007,
3277.753209891, 1.000788550,
3277.773645492, 1.002018986,
3277.794081093, 1.002511550,
3277.814516695, 1.005113713,
3277.834952296, 1.003511222,
3277.875823500, 1.010852696,
3277.896259202, 1.008252995,
3277.916694704, 1.005515814,
3277.937130307, 1.004828813,
3277.957566009, 1.002981451,
3277.978001612, 1.002990638,
3277.998437115, 0.999555956,
3278.018872818, 0.998001316,
3278.039308422, 1.000284545,
3278.059743925, 0.999262795,
3278.080179629, 0.998166652,
3278.121050836, 1.007059311,
3278.141486441, 1.011822397,
3278.161922045, 1.012493380,
3278.182357649, 1.014854366,
3278.202793254, 1.013894036,
3278.223228859, 1.015618646,
3278.243664464, 1.017072082,
3278.264100069, 1.015995881,
3278.284535574, 1.017072366,
3278.304971280, 1.015079838,
3278.325406885, 1.014013274,
3278.366278097, 1.004920392,
3278.386713703, 1.004276154,
3278.407149410, 1.006449034,
3278.427585016, 1.003810266,
3278.448020523, 0.989480220,
3278.468456229, 0.985883104,
3278.488891836, 0.997602602,
3278.509327344, 0.997892571,
3278.529763051, 0.996871027,
3278.550198658, 0.995293739,
3278.570634166, 0.996723980,
3278.611505482, 1.001029294,
3278.631941190, 1.001756745,
3278.652376698, 1.001646668,
3278.672812306, 0.999714768,
3278.693248015, 0.997173607,
3278.713683524, 0.999720417,
3278.734119133, 1.004999317,
3278.754554842, 1.006816839,
3278.774990351, 1.010288975,
3278.795425960, 1.012312643,
3278.815861670, 1.009427816,
3278.836297180, 1.005736344,
3278.856732889, 1.005848972,
3278.877168399, 1.003656921,
3278.897604010, 1.000447386,
3278.918039720, 0.999204760,
3278.938475231, 0.998512933,
3278.958910841, 1.000537259,
3278.979346552, 1.000689069,
3278.999782163, 1.002300161,
3279.020217674, 1.004194064,
3279.040653385, 1.004654492,
3279.061088997, 1.007194827,
3279.101960220, 1.014943731,
3279.122395832, 1.014630573,
3279.142831544, 1.016419115,
3279.163267057, 1.016975318,
3279.183702669, 1.015454473,
3279.204138382, 1.012861176,
3279.224573894, 1.013131954,
3279.245009507, 1.013876761,
3279.265445220, 1.010855782,
3279.285880733, 1.005574320,
3279.306316447, 1.005586442,
3279.347187574, 0.996638957,
3279.367623287, 0.984213437,
3279.388058901, 0.982268008,
3279.408494516, 0.996704128,
3279.428930130, 0.995953348,
3279.449365744, 0.993372850,
3279.469801359, 0.993627324,
3279.490236973, 0.994096531,
3279.510672588, 0.994884768,
3279.531108203, 0.996947626,
3279.551543818, 1.001087834,
3279.592415049, 1.002222302,
3279.633286281, 1.005318877,
3279.653721997, 1.006872548,
3279.674157513, 1.005383169,
3279.715028845, 1.004753687,
3279.735464362, 1.005586699,
3279.755899978, 1.003293307,
3279.776335695, 1.004043885,
3279.796771212, 1.005720103,
3279.837642546, 1.007415110,
3279.858078064, 1.005746378,
3279.878513781, 1.005034513,
3279.898949399, 1.003538685,
3279.919384917, 0.999200901,
3279.939820635, 1.000015136,
3279.960256253, 1.004674326,
3279.980691871, 1.010692287,
3280.001127490, 1.014623861,
3280.021563108, 1.016528959,
3280.041998827, 1.015897146,
3280.082869965, 1.017375787,
3280.103305684, 1.014423967,
3280.123741303, 1.013039961,
3280.144176823, 1.005874876,
3280.164612542, 1.005515042,
3280.185048162, 1.002319145,
3280.205483682, 1.001393243,
3280.225919402, 1.002521839,
3280.246354922, 1.003098757,
3280.266790642, 0.989926137,
3280.287226263, 0.983162330,
3280.307661783, 0.989863231,
3280.328097504, 0.998450796,
3280.348533125, 0.996544270,
3280.368968646, 0.998762739,
3280.389404367, 0.995534956,
3280.409839988, 0.996934636,
3280.430275510, 0.996945466,
3280.450711231, 0.996992585,
3280.471146853, 0.998663860,
3280.491582475, 0.997928995,
3280.512018097, 0.999791759,
3280.532453719, 1.000641165,
3280.573324964, 1.007229434,
3280.593760586, 1.005719154,
3280.614196309, 1.003480754,
3280.634631932, 1.006357560,
3280.655067455, 1.001913746,
3280.675503178, 1.000221467,
3280.695938801, 1.001113826,
3280.716374325, 1.002199905,
3280.736810048, 1.000685317,
3280.757245672, 0.999994534,
3280.777681396, 0.997782042,
3280.818552543, 1.004643966,
3280.838988268, 1.005376558,
3280.859423792, 1.006725708,
3280.879859416, 1.010199628,
3280.900295041, 1.011275133,
3280.920730666, 1.010661802,
3280.941166291, 1.014202416,
3280.961602016, 1.017428213,
3280.982037541, 1.013687300,
3281.002473266, 1.013157850,
3281.022908791, 1.012061162,
3281.063780143, 1.011655849,
3281.084215668, 1.008758497,
3281.104651294, 1.006494098,
3281.125087020, 1.001346233,
3281.145522647, 0.998128931,
3281.165958173, 0.994073872,
3281.186393899, 0.980192046,
3281.206829526, 0.978382016,
3281.227265053, 0.989408849,
3281.247700780, 0.991107653,
3281.268136407, 0.994235388,
3281.309007661, 0.997724215,
3281.329443288, 0.998761819,
3281.349879016, 1.000167828,
3281.370314543, 1.000754168,
3281.390750171, 1.001838868,
3281.411185899, 1.002622665,
3281.431621427, 1.003607800,
3281.452057055, 1.003296604,
3281.472492783, 1.006126289,
3281.492928312, 1.004864475,
3281.513364040, 1.004285323,
3281.554235198, 1.003224282,
3281.574670927, 1.002337530,
3281.595106556, 1.001231547,
3281.615542185, 1.001481610,
3281.635977814, 1.001215138,
3281.656413444, 0.997896736,
3281.676849073, 0.997344640,
3281.819898483, 1.016082960,
3281.840334114, 1.016307289,
3281.860769845, 1.016887258,
3281.881205375, 1.015448288,
3281.901641006, 1.013284753,
3281.922076737, 1.011042996,
3281.962947900, 1.012867048,
3281.983383631, 1.009005950,
3282.003819163, 1.005782881,
3282.044690526, 1.004637796,
3282.065126058, 1.003982176,
3282.085561790, 0.994641410,
3282.105997422, 0.980099081,
3282.126433054, 0.983830032,
3282.146868686, 0.998255846,
3282.167304319, 0.996726787,
3282.187739951, 0.994504535,
3282.208175584, 0.995983509,
3282.228611217, 0.994579859,
3282.249046950, 0.997211522,
3282.289918116, 1.003136329,
3282.310353749, 1.005195849,
3282.330789483, 1.007665592,
3282.351225016, 1.007184678,
3282.371660750, 1.009178594,
3282.392096284, 1.008712539,
3282.412531918, 1.007167679,
3282.432967652, 1.006171023,
3282.453403186, 1.003771718,
3282.473838820, 1.003942141,
3282.494274554, 1.001807716,
3282.535145823, 1.003570406,
3282.555581458, 0.999845946,
3282.576016993, 0.998250002,
3282.596452728, 1.000025920,
3282.616888363, 0.999285446,
3282.637323898, 1.001365392,
3282.657759633, 1.003859926,
3282.678195269, 1.008353246,
3282.698630904, 1.010922052,
3282.719066540, 1.012708288,
3282.739502175, 1.011996371,
3282.780373447, 1.020080671,
3282.800809083, 1.018033419,
3282.821244819, 1.018945331,
3282.841680455, 1.017171812,
3282.862115992, 1.014238515,
3282.882551728, 1.009991961,
3282.902987365, 1.007710222,
3282.923422902, 1.005293251,
3282.943858638, 1.000918091,
3282.964294275, 1.000100260,
3282.984729812, 1.000533396,
3283.025601087, 1.002689578,
3283.046036824, 1.005713488,
3283.066472462, 1.005986679,
3283.086908099, 0.999802781,
3283.107343737, 0.994420748,
3283.127779375, 0.998920948,
3283.148214912, 0.998551864,
3283.168650650, 1.001929897,
3283.189086289, 1.002919227,
3283.229957565, 1.006848693,
3283.250393203, 1.005783530,
3283.270828942, 1.006054549,
3283.291264481, 1.006487744,
3283.311700119, 1.005516727,
3283.332135858, 1.005170865,
3283.352571497, 1.007660725,
3283.373007036, 1.003845051,
3283.393442775, 1.003107726,
3283.536492252, 1.006916954,
3283.556927992, 1.008368670,
3283.577363532, 1.011085617,
3283.597799172, 1.009801259,
3283.618234913, 1.010330606,
3283.638670453, 1.010720195,
3283.659106094, 1.011207396,
3283.679541834, 1.015549050,
3283.699977375, 1.015698335,
3283.761284298, 1.013532640,
3283.781720039, 1.015388407,
3283.802155580, 1.012555265,
3283.822591221, 1.011355244,
3283.843026962, 1.007698427,
3283.863462604, 1.005196779,
3283.883898145, 1.000691182,
3283.904333887, 0.994039862,
3283.924769529, 0.977960012,
3283.945205071, 0.973093937,
3283.965640813, 0.990777905,
3284.006511997, 0.996248370,
3284.026947739, 0.996380817,
3284.047383382, 0.999764607,
3284.067819124, 1.000253016,
3284.088254666, 1.000246914,
3284.108690309, 0.999425133,
3284.129126052, 1.002240969,
3284.149561595, 1.002811744,
3284.169997238, 1.004163144,
3284.190432981, 1.003866957,
3284.210868524, 1.006197369,
3284.251739910, 1.009330119,
3284.272175454, 1.008998749,
3284.292611197, 1.008194518,
3284.313046841, 1.006423121,
3284.333482484, 1.005394942,
3284.353918128, 1.005095588,
3284.374353772, 1.003712534,
3284.394789416, 1.001819001,
3284.415225060, 1.005329330,
3284.435660704, 1.003589223,
3284.456096348, 1.004512723,
3284.496967637, 1.011571187,
3284.517403181, 1.013914546,
3284.537838926, 1.016176071,
3284.558274570, 1.015412678,
3284.578710315, 1.015212350,
3284.599145860, 1.015589146,
3284.619581505, 1.013209823,
3284.640017250, 1.011135127,
3284.660452795, 1.011068260,
3284.680888440, 1.011993270,
3284.701324185, 1.011748424,
3284.742195376, 1.006869177,
3284.762631122, 1.005933958,
3284.783066667, 1.003631251,
3284.803502413, 1.001748714,
3284.823938059, 0.990279556,
3284.844373705, 0.974325835,
3284.864809351, 0.978279446,
3284.905680643, 0.991563486,
3284.926116289, 0.991617568,
3284.946551935, 0.994932191,
3284.987423328, 1.000309886,
3285.007858875, 0.999985920,
3285.028294522, 1.003915128,
3285.048730268, 1.006853504,
3285.069165815, 1.006597759,
3285.089601562, 1.005493248,
3285.110037209, 1.005132199,
3285.130472756, 1.005304284,
3285.150908503, 1.004541607,
3285.171344050, 1.002366534,
3285.191779698, 1.007307435,
3285.232650992, 1.004429830,
3285.253086640, 1.004608293,
3285.273522388, 1.004936666,
3285.293957935, 1.002887665,
3285.314393583, 1.002994724,
3285.334829331, 1.003296798,
3285.355264979, 1.003291327,
3285.375700627, 1.005181454,
3285.396136275, 1.006513561,
3285.416571923, 1.008224399,
3285.437007571, 1.011309174,
3285.477878868, 1.018090079,
3285.498314517, 1.017560958,
3285.518750165, 1.013801740,
3285.539185814, 1.013073023,
3285.580057111, 1.011837722,
3285.600492860, 1.013046043,
3285.620928509, 1.006791845,
3285.641364058, 1.004397530,
3285.661799807, 1.004980629,
3285.682235456, 1.005385633,
3285.723106755, 1.001484450,
3285.743542404, 0.988022909,
3285.763977954, 0.983357295,
3285.784413703, 0.994229485,
3285.804849353, 0.999054691,
3285.825285003, 0.998110781,
3285.968334552, 1.002052502,
3285.988770203, 1.005910938,
3286.009205953, 1.007159181,
3286.029641504, 1.007652616,
3286.050077154, 1.009150134,
3286.070512905, 1.007982784,
3286.090948455, 1.007410598,
3286.111384206, 1.009831108,
3286.131819857, 1.008559525,
3286.152255407, 1.007322857,
3286.172691158, 1.004859062,
3286.193126809, 1.000874873,
3286.213562360, 0.999798327,
3286.233998111, 0.998687614,
3286.254433763, 0.999794922,
3286.274869314, 1.001038585,
3286.295305065, 1.006935579,
3286.315740716, 1.009823641,
3286.336176268, 1.014438597,
3286.356612019, 1.015179221,
3286.377047671, 1.017647616,
3286.397483423, 1.018715169,
3286.417918974, 1.020117639,
3286.458790378, 1.018090971,
3286.479226030, 1.014105555,
3286.499661582, 1.010862780,
3286.520097334, 1.007326026,
3286.540532886, 1.005629667,
3286.560968538, 1.006572313,
3286.581404290, 1.003779293,
3286.601839843, 1.007668411,
3286.622275495, 1.001221944,
3286.642711247, 0.997215179,
3286.663146800, 0.982037176,
3286.704018205, 0.990152414,
3286.724453758, 0.995078499,
3286.744889510, 0.997245377,
3286.765325163, 0.998893727,
3286.785760716, 1.000422364,
3286.806196469, 1.003678461,
3286.826632122, 1.006018152,
3286.847067775, 1.010414248,
3286.867503428, 1.010857151,
3286.887939081, 1.010563872,
3286.908374834, 1.009970236,
3286.949246041, 1.003149361,
3286.969681794, 1.006825297,
3286.990117448, 1.006688352,
3287.010553001, 1.006242099,
3287.030988755, 1.005214259,
3287.051424408, 1.011920795,
3287.071859962, 1.010571210,
3287.092295716, 1.009436994,
3287.112731370, 1.007725337,
3287.133166923, 1.005524192,
3287.153602677, 1.006724902,
3287.194474085, 1.004079310,
3287.214909639, 1.010278482,
3287.235345294, 1.012550083,
3287.255780948, 1.014545944,
3287.276216602, 1.019225123,
3287.296652156, 1.022257914,
3287.317087911, 1.025190379,
3287.337523565, 1.024451311,
3287.357959119, 1.021289273,
3287.378394874, 1.019945017,
3287.398830528, 1.017799610,
3287.439701838, 1.009745842,
3287.460137492, 1.008488984,
3287.480573247, 1.007201061,
3287.501008802, 1.005699381,
3287.521444457, 1.004375629,
3287.541880212, 1.005908869,
3287.562315867, 0.992888426,
3287.582751422, 0.984131611,
3287.603187177, 0.986386596,
3287.623622832, 0.997193200,
3287.644058387, 0.997045261,
3287.684929798, 1.000273567,
3287.705365553, 1.003420091,
3287.725801108, 1.007087586,
3287.766672519, 1.008347392,
3287.787108075, 1.006134154,
3287.807543730, 1.007713852,
3287.827979486, 1.007864949,
3287.848415042, 1.008933628,
3287.868850697, 1.007744069,
3287.889286453, 1.009013996,
3287.930157665, 1.005858237,
3287.950593321, 1.006289361,
3287.971028977, 1.006333117,
3287.991464733, 1.006479574,
3288.011900289, 1.007137107,
3288.032335945, 1.005657105,
3288.052771701, 1.007086492,
3288.073207357, 1.008268647,
3288.093642913, 1.008824645,
3288.114078670, 1.009912204,
3288.134514326, 1.008116708,
3288.154949882, 1.010675544,
3288.175385639, 1.010187759,
3288.195821295, 1.015524770,
3288.216256852, 1.016628174,
3288.236692608, 1.018731380,
3288.257128265, 1.019248947,
3288.277564021, 1.017562765,
3288.297999578, 1.017823751,
3288.318435235, 1.017886037,
3288.338870991, 1.017231556,
3288.379742205, 1.014218563,
3288.420613519, 1.003904848,
3288.441049176, 1.001640788,
3288.461484933, 0.999169689,
3288.481920490, 0.985834657,
3288.502356247, 0.980226433,
3288.522791904, 0.992493394,
3288.543227561, 1.001721325,
3288.563663218, 1.001106894,
3288.584098875, 1.003802722,
3288.604534533, 1.003159818,
3288.624970190, 1.004985315,
3288.665841404, 1.003009290,
3288.686277162, 1.006655034,
3288.706712819, 1.007346033,
3288.727148477, 1.010738345,
3288.747584134, 1.014455007,
3288.768019792, 1.014059594,
3288.788455549, 1.016009091,
3288.808891107, 1.014772516,
3288.829326765, 1.011539969,
3288.849762522, 1.008625138,
3288.870198080, 1.008959615,
3288.911069496, 1.008296737,
3288.931505053, 1.006333722,
3288.951940711, 1.002892046,
3288.972376469, 1.000941337,
3288.992812027, 1.002534989,
3289.013247685, 1.007114297,
3289.033683443, 1.013324727,
3289.054119101, 1.014938405,
3289.074554759, 1.018205396,
3289.094990417, 1.020766410,
3289.115426075, 1.024494622,
3289.156297392, 1.015018495,
3289.176733050, 1.013850424,
3289.197168808, 1.012888881,
3289.217604366, 1.014931484,
3289.238040025, 1.013707434,
3289.258475783, 1.013211494,
3289.278911341, 1.010383989,
3289.299347100, 1.010138904,
3289.319782758, 1.009325749,
3289.340218316, 1.007531203,
3289.360654075, 1.006359881,
3289.401525292, 0.971661613,
3289.421961051, 0.974672480,
3289.442396609, 0.990369705,
3289.462832268, 0.994979691,
3289.483268026, 0.996864593,
3289.503703585, 0.997334570,
3289.524139244, 1.000360704,
3289.544575002, 1.005954131,
3289.565010661, 1.008321395,
3289.585446320, 1.009938701,
3289.605881979, 1.009336719,
3289.646753296, 1.003873312,
3289.667188955, 1.006067320,
3289.687624614, 1.006010208,
3289.708060373, 1.008063066,
3289.728495932, 1.008985623,
3289.748931591, 1.011001567,
3289.769367350, 1.012331863,
3289.789802909, 1.008813296,
3289.810238568, 1.006884126,
3289.830674327, 1.007845349,
3289.912416863, 1.003515101,
3289.932852622, 1.005773814,
3289.953288282, 1.011798989,
3289.973723841, 1.015552573,
3289.994159600, 1.018049127,
3290.014595259, 1.019790278,
3290.035030919, 1.022158742,
3290.055466578, 1.024107374,
3290.075902237, 1.023148783,
3290.096337896, 1.023013128,
3290.137209215, 1.011298931,
3290.157644874, 1.011328012,
3290.178080534, 1.010381387,
3290.198516193, 1.007618245,
3290.218951853, 1.006321942,
3290.239387512, 1.005108232,
3290.259823172, 1.004880814,
3290.280258931, 1.001680103,
3290.300694490, 0.989442957,
3290.321130150, 0.980248125,
3290.341565910, 0.986055211,
3290.382437229, 0.994943802,
3290.402872888, 0.996882053,
3290.423308448, 0.999033156,
3290.443744207, 1.003502407,
3290.464179867, 1.005556506,
3290.484615427, 1.008335088,
3290.505051186, 1.010089675,
3290.525486846, 1.011671745,
3290.545922505, 1.009465448,
3290.566358165, 1.009406719,
3290.586793825, 1.009019400,
3290.627665144, 1.008162471,
3290.648100804, 1.008181624,
3290.668536564, 1.009073232,
3290.688972223, 1.015011701,
3290.709407783, 1.024105212,
3290.729843543, 1.017641700,
3290.750279203, 1.015585596,
3290.770714762, 1.014429577,
3290.791150522, 1.013905285,
3290.811586082, 1.014666814,
3290.832021742, 1.015178351,
3290.872893062, 1.016228031,
3290.893328721, 1.015179046,
3290.913764481, 1.015946635,
3290.934200041, 1.014527393,
3290.954635801, 1.013909966,
3290.975071461, 1.015413584,
3290.995507021, 1.017321659,
3291.015942781, 1.016934122,
3291.036378440, 1.015599077,
3291.056814000, 1.013899150,
3291.077249760, 1.012390556,
3291.118121080, 1.009348784,
3291.138556740, 1.005779528,
3291.158992400, 1.004247556,
3291.179428160, 1.001207768,
3291.199863720, 0.997608095,
3291.220299380, 0.978944021,
3291.240735140, 0.974454564,
3291.261170800, 0.987739954,
3291.281606360, 0.993463906,
3291.302042120, 0.994913816,
3291.322477780, 1.000806252,
3291.363349099, 1.004850649,
3291.383784759, 1.006746741,
3291.404220319, 1.009631483,
3291.424656079, 1.009277607,
3291.445091739, 1.010563866,
3291.465527399, 1.011268888,
3291.485963059, 1.011467285,
3291.506398719, 1.009449924,
3291.526834379, 1.012128120,
3291.547270039, 1.007426400,
3291.567705599, 1.009077774,
3291.608577019, 1.005103259,
3291.629012679, 1.010962785,
3291.649448339, 1.011729749,
3291.669883999, 1.012015986,
3291.690319659, 1.010599030,
3291.710755319, 1.013355847,
3291.731190979, 1.014758698,
3291.751626739, 1.014101702,
3291.792497959, 1.016601041,
3291.812933719, 1.017937011,
3291.853804939, 1.009625161,
3291.874240699, 1.008791436,
3291.894676359, 1.007590714,
3291.915111918, 1.009257704,
3291.935547678, 1.006521623,
3291.955983338, 1.008629293,
3291.976418898, 1.006983532,
3291.996854658, 1.005489864,
3292.017290318, 1.003620873,
3292.037726078, 1.003360898,
3292.058161638, 1.005014360,
3292.078597298, 1.004768571,
3292.099033058, 0.999705501,
3292.119468617, 0.992425220,
3292.139904277, 0.977616577,
3292.160340037, 0.979629707,
3292.180775597, 0.994587482,
3292.201211257, 0.995017162,
3292.221646917, 0.996223663,
3292.242082576, 0.999455383,
3292.262518236, 0.999713755,
3292.282953996, 1.000617773,
3292.303389556, 1.003013097,
3292.344260975, 1.008817993,
3292.364696535, 1.010584564,
3292.385132295, 1.010850782,
3292.405567955, 1.013049250,
3292.426003514, 1.012131293,
3292.446439274, 1.011577192,
3292.466874934, 1.011400687,
3292.487310494, 1.010660730,
3292.507746253, 1.009485985,
3292.528181913, 1.009743062,
3292.548617473, 1.008360627,
3292.589488892, 1.011199118,
3292.609924651, 1.012935521,
3292.630360211, 1.013205393,
3292.650795871, 1.013973513,
3292.671231630, 1.015939492,
3292.691667190, 1.018179401,
3292.712102849, 1.018096686,
3292.732538609, 1.020322038,
3292.752974268, 1.020573995,
3292.773409828, 1.017501997,
3292.793845587, 1.018384030,
3292.834716806, 1.020047275,
3292.855152566, 1.017013127,
3292.875588225, 1.015429317,
3292.896023884, 1.012634639,
3292.916459544, 1.008020412,
3292.936895103, 1.004934169,
3292.957330863, 1.008433096,
3292.977766522, 0.999154665,
3292.998202081, 0.996324689,
3293.018637840, 0.992293105,
3293.039073500, 0.980033835,
3293.079944818, 0.984884262,
3293.100380477, 0.995362252,
3293.120816137, 0.995343718,
3293.141251796, 0.997603057,
3293.161687455, 0.996329317,
3293.182123214, 0.997924434,
3293.202558773, 1.001227292,
3293.222994432, 1.001525898,
3293.243430191, 1.004191537,
3293.263865850, 1.003876001,
3293.284301409, 1.005355325,
3293.325172827, 1.003357536,
3293.345608386, 1.007375870,
3293.366044145, 1.011417323,
3293.386479804, 1.011222757,
3293.406915363, 1.012503174,
3293.427351122, 1.008267276,
3293.447786781, 1.008610148,
3293.468222539, 1.008002423,
3293.488658098, 1.010458133,
3293.509093757, 1.006338502,
3293.529529516, 1.008311571,
3293.570400733, 1.001484929,
3293.590836392, 1.003411297,
3293.611272050, 1.008095527,
3293.631707709, 1.011342594,
3293.652143368, 1.015846030,
3293.672579026, 1.022051701,
3293.693014685, 1.022330598,
3293.713450343, 1.021377666,
3293.733886001, 1.018118888,
3293.754321660, 1.015480712,
3293.774757418, 1.013549137,
3293.815628735, 1.002710985,
3293.836064393, 1.000175467,
3293.856499952, 0.997005607,
3293.876935710, 0.996063183,
3293.897371368, 0.997761291,
3293.917806926, 0.998259740,
3293.938242684, 0.991747973,
3293.958678343, 0.978032371,
3293.999549659, 0.987220539,
3294.019985317, 0.992670037,
3294.040420875, 0.992379624,
3294.060856633, 0.994387729,
3294.081292291, 0.998211103,
3294.101728049, 0.998504921,
3294.122163606, 0.999053258,
3294.163035022, 1.002813121,
3294.183470580, 1.002652984,
3294.203906238, 1.003785563,
3294.224341995, 1.003809560,
3294.244777653, 1.006085548,
3294.265213210, 1.009255724,
3294.306084526, 1.007387851,
3294.326520183, 1.007501203,
3294.346955941, 1.008115952,
3294.367391498, 1.010370148,
3294.387827155, 1.007705703,
3294.408262913, 1.006967701,
3294.428698470, 1.007650669,
3294.449134227, 1.010035113,
3294.469569885, 1.011555579,
3294.490005442, 1.013837900,
3294.510441199, 1.015430141,
3294.551312413, 1.020921883,
3294.571748171, 1.020383566,
3294.592183827, 1.019927593,
3294.612619485, 1.019043420,
3294.633055141, 1.019553202,
3294.653490798, 1.016836999,
3294.673926455, 1.014720099,
3294.694362112, 1.012172043,
3294.714797769, 1.009650983,
3294.735233526, 1.005312788,
3294.755669082, 1.000581092,
3294.796540496, 0.998416052,
3294.816976152, 0.996808212,
3294.837411709, 0.995464299,
3294.857847465, 0.984841198,
3294.878283122, 0.970532386,
3294.898718678, 0.973896955,
3294.919154434, 0.989448696,
3294.939590091, 0.990969129,
3294.960025647, 0.991660713,
3294.980461403, 0.993120672,
3295.000897059, 0.993862847,
3295.041768372, 0.999031408,
3295.062204028, 1.000145387,
3295.082639684, 0.999517277,
3295.103075340, 1.001286463,
3295.123510896, 1.002891979,
3295.143946651, 1.004292742,
3295.164382307, 1.005124033,
3295.184817963, 1.007873536,
3295.205253619, 1.009529397,
3295.225689274, 1.005111026,
3295.246124930, 1.002545133,
3295.286996241, 1.008752853,
3295.307431896, 1.008524790,
3295.327867652, 1.008548394,
3295.348303207, 1.009582814,
3295.368738863, 1.012376940,
3295.389174618, 1.014905540,
3295.409610173, 1.016530124,
3295.430045928, 1.017580417,
3295.450481584, 1.017260595,
3295.470917139, 1.019421111,
3295.491352894, 1.017997820,
3295.532224104, 1.013553037,
3295.552659858, 1.011779082,
3295.573095513, 1.008772178,
3295.593531068, 1.007760186,
3295.613966823, 1.007231109,
3295.634402477, 1.006154751,
3295.654838132, 1.005726250,
3295.675273787, 1.003653674,
3295.695709441, 1.001888011,
3295.716145096, 0.999413262,
3295.736580850, 0.995522070,
3295.777452159, 0.976092225,
3295.797887713, 0.968063617,
3295.818323367, 0.978302108,
3295.838759121, 0.991250810,
3295.859194675, 0.993288378,
3295.879630329, 0.991484972,
3295.900066083, 0.993563128,
3295.920501637, 0.993421473,
3295.940937291, 0.995230392,
3295.961373045, 0.997433015,
3295.981808598, 0.999533275,
3296.022680006, 1.003148549,
3296.043115559, 1.006526822,
3296.063551213, 1.008691248,
3296.083986966, 1.007366315,
3296.104422619, 1.009222865,
3296.124858273, 1.008581884,
3296.145293926, 1.009596304,
3296.165729579, 1.010438590,
3296.186165232, 1.010465456,
3296.206600885, 1.010311571,
3296.227036538, 1.010801627,
3296.247472291, 1.010691699,
3296.267907844, 1.013590062,
3296.288343497, 1.014123956,
3296.308779250, 1.018958322,
3296.329214802, 1.016693533,
3296.349650455, 1.019127999,
3296.370086208, 1.020720620,
3296.390521760, 1.021838684,
3296.410957413, 1.020949766,
3296.431393165, 1.020256120,
3296.451828717, 1.019469579,
3296.472264470, 1.017136954,
3296.513135674, 1.031157357,
3296.533571426, 1.031605753,
3296.554006978, 1.030562032,
3296.574442630, 1.029344377,
3296.594878382, 1.029238266,
3296.615313934, 1.027227542,
3296.635749585, 1.027107546,
3296.656185337, 1.025076568,
3296.676620989, 1.017916982,
3296.697056540, 1.003387669,
3296.717492292, 1.000879729,
3296.737927943, 1.014370809,
3296.758363494, 1.018347524,
3296.778799246, 1.017209417,
3296.799234897, 1.021632663,
3296.819670648, 1.021809566,
3296.840106199, 1.023835680,
3296.860541850, 1.026157031,
3296.880977601, 1.027440974,
3296.901413152, 1.032359351,
3296.921848803, 1.032383158,
3296.942284553, 1.033154052,
3296.962720104, 1.034225804,
3296.983155755, 1.036481662,
3297.003591505, 1.037720615,
3297.024027056, 1.036662151,
3297.044462706, 1.036064508,
3297.064898456, 1.033604855,
3297.085334106, 1.033734571,
3297.105769657, 1.030789767,
3297.126205407, 1.029893751,
3297.146641057, 1.028925460,
3297.167076607, 1.029199515,
3297.187512356, 1.030647558,
3297.228383656, 1.041050755,
3297.248819306, 1.048053139,
3297.269254955, 1.047579501,
3297.289690605, 1.053066376,
3297.310126254, 1.051459530,
3297.330561803, 1.051889023,
3297.350997553, 1.050867002,
3297.371433202, 1.046641926,
3297.391868751, 1.045224085,
3297.412304500, 1.040307710,
3297.432740149, 1.044270476,
3297.453175698, 1.038401094,
3297.473611447, 1.034712213,
3297.494047095, 1.034680734,
3297.514482744, 1.029213671,
3297.534918392, 1.028151467,
3297.555354041, 1.025817572,
3297.575789789, 1.019212173,
3297.596225338, 1.010934499,
3297.616660986, 0.993724720,
3297.637096734, 0.993969864,
3297.657532382, 1.010641317,
3297.677967930, 1.011195291,
3297.698403678, 1.012430162,
3297.739274874, 1.011067244,
3297.759710622, 1.012404008,
3297.780146269, 1.014396189,
3297.800581817, 1.015710930,
3297.821017564, 1.018145830,
3297.841453211, 1.019000609,
3297.861888759, 1.019714838,
3297.882324506, 1.021258566,
3297.902760153, 1.021874344,
3297.923195800, 1.021407297,
3297.943631447, 1.022126104,
3297.964066994, 1.023970310,
3297.984502741, 1.022891694,
3298.004938387, 1.023767437,
3298.025374034, 1.024703569,
3298.045809681, 1.025289015,
3298.066245327, 1.027357233,
3298.086680973, 1.027574741,
3298.107116620, 1.031900601,
3298.127552266, 1.033514436,
3298.147987912, 1.035148150,
3298.168423658, 1.035856480,
3298.188859204, 1.037145844,
3298.209294850, 1.037276291,
3298.229730596, 1.035385983,
3298.250166141, 1.036662251,
3298.270601787, 1.034499403,
3298.291037532, 1.033164153,
3298.311473078, 1.030311062,
3298.331908723, 1.028414912,
3298.352344468, 1.025111000,
3298.372780014, 1.021641280,
3298.393215759, 1.019275048,
3298.413651404, 1.013952279,
3298.434086948, 1.010051462,
3298.454522693, 1.009065819,
3298.474958338, 1.006200032,
3298.495393983, 1.003443702,
3298.515829627, 0.989811580,
3298.536265272, 0.983276302,
3298.556700916, 0.993743361,
3298.577136560, 1.003844237,
3298.597572204, 1.004327790,
3298.618007848, 1.007585235,
3298.638443592, 1.009384480,
3298.658879136, 1.011009524,
3298.679314780, 1.011375417,
3298.699750424, 1.015142529,
3298.720186067, 1.014307847,
3298.740621711, 1.017700265,
3298.761057354, 1.021942312,
3298.781492998, 1.017994451,
3298.801928741, 1.018156761,
3298.822364284, 1.018636295,
3298.842799927, 1.018858128,
3298.863235670, 1.018833269,
3298.883671213, 1.019334436,
3298.904106855, 1.018308302,
3298.924542598, 1.017927884,
3298.944978141, 1.017639174,
3298.965413783, 1.016824837,
3298.985849526, 1.017251933,
3299.006285168, 1.015502837,
3299.026720710, 1.017830047,
3299.047156452, 1.017829849,
3299.067592094, 1.019547224,
3299.088027636, 1.019931958,
3299.108463378, 1.020627765,
3299.128899019, 1.021204818,
3299.149334561, 1.021442224,
3299.169770302, 1.024477758,
3299.190205944, 1.028241594,
3299.210641685, 1.029620526,
3299.231077226, 1.032307479,
3299.251512867, 1.030728372,
3299.271948608, 1.030821628,
3299.292384149, 1.026411061,
3299.312819790, 1.024138344,
3299.333255531, 1.019798194,
3299.353691071, 1.018275198,
3299.374126712, 1.014245834,
3299.394562452, 1.014207452,
3299.414997992, 1.010424067,
3299.435433633, 0.994455665,
3299.455869273, 0.997587054,
3299.476304913, 1.012641742,
3299.496740552, 1.015941643,
3299.517176192, 1.022324946,
3299.537611832, 1.022437402,
3299.558047471, 1.021858027,
3299.578483211, 1.020273075,
3299.598918750, 1.016922668,
3299.619354389, 1.014965296,
3299.639790129, 1.015823736,
3299.660225668, 1.020116028,
3299.701097045, 1.020559290,
3299.721532584, 1.020911863,
3299.741968323, 1.022791301,
3299.762403961, 1.022574477,
3299.782839500, 1.022775711,
3299.803275238, 1.022941440,
3299.823710876, 1.024604407,
3299.844146514, 1.025355475,
3299.864582152, 1.027478577,
3299.885017790, 1.024614240,
3299.905453428, 1.025280486,
3299.925889065, 1.028670845,
3299.946324703, 1.031274723,
3299.966760340, 1.031979756,
3299.987196077, 1.031943309,
3300.007631615, 1.034006802,
3300.028067252, 1.030283283,
3300.048502989, 1.025825577,
3300.068938525, 1.023573934,
3300.089374162, 1.021963983,
3300.109809899, 1.019408593,
3300.130245435, 1.021082440,
3300.150681172, 1.021691315,
3300.171116708, 1.021372365,
3300.191552344, 1.020918152,
3300.211988080, 1.017978413,
3300.232423616, 1.018053153,
3300.252859252, 1.016069202,
3300.273294988, 1.015004356,
3300.293730524, 1.014414299,
3300.314166159, 1.015975238,
3300.334601894, 1.009112487,
3300.355037430, 0.997408550,
3300.375473065, 1.002032765,
3300.395908800, 1.014399086,
3300.416344435, 1.018434485,
3300.436779970, 1.023148814,
3300.457215704, 1.024719472,
3300.477651339, 1.026550252,
3300.498086873, 1.025780929,
3300.538958242, 1.025009466,
3300.559393976, 1.024884239,
3300.579829510, 1.021191228,
3300.600265144, 1.018155575,
3300.620700878, 1.014582838,
3300.641136411, 1.012046170,
3300.682007778, 1.031711470,
3300.702443312, 1.037035725,
3300.722878945, 1.036631783,
3300.743314678, 1.037108025,
3300.763750211, 1.041746274,
3300.784185844, 1.040881103,
3300.804621576, 1.034936523,
3300.825057209, 1.031292289,
3300.845492741, 1.032321300,
3300.865928474, 1.031664730,
3300.886364106, 1.029650962,
3300.906799638, 1.028314536,
3300.927235370, 1.025679599,
3300.947670902, 1.022230130,
3300.968106533, 1.022148643,
3300.988542265, 1.021993517,
3301.008977797, 1.022589223,
3301.029413528, 1.021999251,
3301.049849159, 1.022538634,
3301.070284690, 1.021897186,
3301.090720421, 1.021998377,
3301.111156052, 1.022354492,
3301.131591583, 1.038619705,
3301.172462944, 1.018194756,
3301.192898474, 1.012809938,
3301.213334204, 1.009984493,
3301.233769835, 1.004741068,
3301.254205464, 0.990403065,
3301.274641094, 0.984151262,
3301.295076724, 0.995867411,
3301.315512354, 1.005989097,
3301.335948083, 1.005961331,
3301.356383612, 1.007034681,
3301.376819242, 1.009343609,
3301.397254971, 1.010034937,
3301.417690500, 1.012470297,
3301.438126129, 1.012060526,
3301.458561857, 1.014189299,
3301.478997386, 1.020488432,
3301.499433014, 1.024192614,
3301.519868742, 1.026596316,
3301.540304271, 1.026068119,
3301.560739999, 1.025986794,
3301.581175627, 1.024701785,
3301.601611154, 1.021501717,
3301.622046882, 1.016465433,
3301.683353764, 1.037574570,
3301.703789391, 1.037374634,
3301.724224918, 1.038409941,
3301.744660645, 1.040763916,
3301.765096272, 1.043239964,
3301.785531798, 1.044485582,
3301.805967525, 1.042754810,
3301.826403151, 1.042362200,
3301.846838677, 1.039522648,
3301.867274404, 1.037849622,
3301.887710029, 1.036418280,
3301.908145555, 1.033487966,
3301.928581281, 1.033521523,
3301.949016906, 1.033243476,
3301.969452432, 1.029894588,
3301.989888157, 1.024933582,
3302.010323782, 1.020947049,
3302.030759507, 1.017176317,
3302.051195032, 1.011923096,
3302.071630657, 1.007704363,
3302.092066381, 1.007211754,
3302.112501906, 1.004588887,
3302.132937530, 1.004142701,
3302.153373254, 1.000853977,
3302.173808878, 0.988163056,
3302.194244402, 0.989592911,
3302.214680126, 1.006674803,
3302.235115749, 1.011064570,
3302.255551273, 1.012971180,
3302.275986996, 1.011519875,
3302.296422619, 1.013774448,
3302.316858142, 1.017197693,
3302.337293865, 1.012717264,
3302.357729488, 1.011785272,
3302.398600733, 1.025786287,
3302.419036255, 1.027991560,
3302.439471878, 1.029275348,
3302.459907600, 1.029309358,
3302.480343121, 1.028775307,
3302.500778743, 1.026161515,
3302.521214465, 1.025828117,
3302.541650086, 1.025909171,
3302.562085708, 1.026984514,
3302.582521329, 1.028748790,
3302.602956950, 1.029818224,
3302.623392571, 1.028635284,
3302.643828192, 1.028746523,
3302.664263812, 1.029441159,
3302.684699533, 1.032209548,
3302.705135053, 1.035762526,
3302.725570673, 1.038528299,
3302.746006393, 1.040378144,
3302.766441913, 1.040676222,
3302.786877533, 1.041694742,
3302.807313252, 1.039480354,
3302.827748772, 1.036774039,
3302.848184391, 1.033920790,
3302.909491248, 1.020639281,
3302.929926967, 1.010085293,
3302.950362485, 1.007770836,
3302.970798104, 1.004993400,
3302.991233822, 1.007222080,
3303.011669440, 1.015213955,
3303.032105058, 1.020573377,
3303.052540676, 1.025090277,
3303.072976294, 1.022690022,
3303.093411911, 1.021184425,
3303.134283146, 0.992055468,
3303.154718763, 0.997192497,
3303.175154380, 1.003104384,
3303.195589896, 1.012522247,
3303.216025613, 1.020434427,
3303.236461230, 1.021380406,
3303.256896746, 1.021378854,
3303.277332462, 1.022563771,
3303.297768078, 1.021955742,
3303.318203594, 1.025217914,
3303.338639309, 1.027195638,
3303.359074925, 1.024785319,
3303.379510540, 1.025466904,
3303.399946156, 1.025276288,
3303.420381771, 1.023764438,
3303.440817386, 1.023554098,
3303.461253000, 1.027531142,
3303.481688615, 1.027614809,
3303.502124229, 1.027509676,
3303.522559944, 1.025724627,
3303.542995458, 1.029227918,
3303.563431172, 1.033676560,
3303.583866786, 1.041433253,
3303.645173626, 1.036518951,
3303.665609139, 1.037514367,
3303.686044853, 1.037274122,
3303.706480465, 1.035222903,
3303.726915978, 1.033072451,
3303.747351691, 1.029794249,
3303.767787303, 1.026562872,
3303.788222815, 1.026239722,
3303.808658527, 1.026228185,
3303.829094139, 1.022121675,
3303.849529751, 1.018699689,
3303.869965363, 1.016482743,
3303.890400974, 1.014817934,
3303.910836485, 1.011698196,
3303.931272196, 1.008208014,
3303.951707807, 1.007420456,
3303.972143318, 1.004918295,
3303.992579029, 0.994528552,
3304.013014639, 0.988916543,
3304.033450150, 1.002327300,
3304.053885860, 1.009716484,
3304.074321470, 1.008915190,
3304.115192689, 1.014812750,
3304.135628299, 1.015468881,
3304.156064008, 1.017877184,
3304.176499517, 1.017924740,
3304.196935126, 1.018504468,
3304.217370835, 1.019176543,
3304.237806344, 1.019565085,
3304.258241952, 1.018736603,
3304.278677661, 1.019656183,
3304.299113169, 1.021479358,
3304.319548777, 1.023575261,
3304.339984485, 1.024484258,
3304.360420092, 1.025828987,
3304.380855600, 1.023636684,
3304.401291307, 1.023786502,
3304.421726914, 1.028646536,
3304.442162421, 1.028819083,
3304.462598128, 1.032666113,
3304.483033735, 1.038167376,
3304.503469241, 1.042125449,
3304.523904948, 1.041772611,
3304.544340554, 1.044114177,
3304.564776060, 1.042001696,
3304.605647371, 1.017514799,
3304.626082877, 1.021326965,
3304.646518582, 1.022345178,
3304.666954087, 1.020400738,
3304.687389792, 1.019528367,
3304.707825397, 1.020765170,
3304.728260902, 1.018264278,
3304.748696606, 1.020282158,
3304.769132210, 1.021372343,
3304.789567814, 1.022803038,
3304.810003418, 1.020134035,
3304.830439022, 1.015929428,
3304.850874626, 1.011719744,
3304.871310229, 1.009785726,
3304.891745832, 1.003098252,
3304.912181435, 0.990381742,
3304.932617138, 0.992132263,
3304.953052641, 1.006981588,
3304.973488244, 1.007566984,
3304.993923946, 1.008590162,
3305.014359448, 1.009503137,
3305.034795050, 1.009438193,
3305.055230752, 1.009781875,
3305.075666254, 1.011042314,
3305.096101855, 1.012726851,
3305.116537557, 1.015361037,
3305.136973058, 1.014701290,
3305.157408659, 1.013803946,
3305.177844359, 1.015447350,
3305.198279960, 1.020170403,
3305.218715460, 1.023209173,
3305.239151161, 1.025613843,
3305.259586761, 1.028444284,
3305.280022361, 1.030935154,
3305.300457960, 1.032501796,
3305.320893560, 1.035064417,
3305.341329159, 1.035956068,
3305.361764758, 1.032881005,
3305.382200357, 1.033609504,
3305.402635956, 1.033173093,
3305.423071555, 1.031272205,
3305.443507053, 1.030171406,
3305.463942752, 1.027542816,
3305.484378350, 1.028737667,
3305.504813848, 1.031040698,
3305.525249545, 1.035790377,
3305.545685143, 1.045138263,
3305.586556337, 1.024189617,
3305.606991934, 1.027703522,
3305.627427531, 1.029885335,
3305.647863128, 1.030958501,
3305.668298724, 1.030060176,
3305.688734321, 1.023623389,
3305.709169917, 1.021332288,
3305.729605513, 1.017482353,
3305.750041108, 1.029315676,
3305.770476804, 1.026405761,
3305.790912299, 1.025569009,
3305.811347994, 1.013512121,
3305.831783589, 1.005851458,
3305.852219084, 1.012587955,
3305.872654779, 1.024893536,
3305.893090373, 1.024410508,
3305.913525867, 1.024032536,
3305.933961561, 1.025850677,
3305.954397155, 1.025124073,
3305.974832649, 1.025387077,
3305.995268342, 1.025333121,
3306.015703936, 1.033721854,
3306.036139529, 1.025697195,
3306.056575122, 1.024429451,
3306.077010714, 1.019565009,
3306.097446307, 1.019766622,
3306.117881899, 1.021648470,
3306.158752983, 1.025664107,
3306.179188675, 1.028340593,
3306.199624267, 1.035015055,
3306.220059758, 1.028908917,
3306.240495449, 1.030912171,
3306.260931040, 1.030880140,
3306.281366531, 1.033325962,
3306.301802222, 1.032585276,
3306.322237812, 1.034809615,
3306.342673302, 1.036104254,
3306.363108992, 1.037846352,
3306.383544582, 1.038459189,
3306.403980072, 1.041907557,
3306.424415761, 1.041691258,
3306.444851351, 1.039687210,
3306.465287040, 1.037791020,
3306.485722529, 1.036597764,
3306.506158117, 1.036438383,
3306.526593806, 1.036964976,
3306.587900570, 1.019526057,
3306.608336158, 1.016434008,
3306.628771646, 1.011862709,
3306.649207333, 1.005753749,
3306.669642920, 1.002475895,
3306.690078407, 0.999185091,
3306.710514093, 0.996691019,
3306.730949680, 0.984341355,
3306.751385166, 0.983787507,
3306.771820853, 0.999116498,
3306.792256439, 1.007965527,
3306.812691924, 1.011577667,
3306.833127610, 1.010513786,
3306.853563195, 1.013047432,
3306.873998680, 1.015006170,
3306.894434365, 1.016670417,
3306.914869850, 1.021487460,
3306.935305435, 1.027047387,
3306.955741119, 1.027255988,
3306.976176703, 1.027505491,
3306.996612187, 1.026152004,
3307.017047871, 1.027711164,
3307.057919038, 1.043351912,
3307.078354621, 1.048786980,
3307.119225886, 1.053968513,
3307.139661369, 1.056598801,
3307.160096951, 1.058193686,
3307.180532633, 1.056788533,
3307.200968115, 1.057220683,
3307.221403697, 1.054712415,
3307.241839378, 1.053577840,
3307.262274860, 1.041126232,
3307.282710441, 1.037398080,
3307.303146122, 1.041866760,
3307.323581603, 1.039326104,
3307.344017183, 1.035013645,
3307.364452863, 1.032476013,
3307.384888344, 1.030851513,
3307.405323923, 1.028983163,
3307.425759603, 1.028852763,
3307.446195182, 1.028482815,
3307.466630662, 1.024900751,
3307.487066341, 1.021032796,
3307.507501920, 1.019832559,
3307.568808655, 1.023499446,
3307.589244133, 1.023181012,
3307.609679811, 1.021961013,
3307.630115388, 1.016539399,
3307.650550866, 1.006121221,
3307.670986543, 1.008266564,
3307.691422020, 1.023779690,
3307.711857697, 1.026508448,
3307.732293273, 1.027050658,
3307.752728749, 1.028277311,
3307.773164425, 1.026353039,
3307.793600001, 1.028479854,
3307.814035577, 1.026660617,
3307.834471153, 1.027027493,
3307.854906728, 1.024292944,
3307.875342303, 1.023410376,
3307.895777878, 1.018323213,
3307.916213452, 1.018572089,
3307.936649027, 1.022410062,
3307.957084701, 1.026641922,
3307.977520175, 1.026433199,
3307.997955749, 1.023988114,
3308.018391422, 1.026275943,
3308.038826896, 1.027510134,
3308.059262469, 1.030479760,
3308.079698142, 1.034570222,
3308.100133614, 1.036152255,
3308.120569187, 1.040400897,
3308.141004859, 1.044392920,
3308.161440331, 1.043685349,
3308.181875903, 1.046225939,
3308.202311575, 1.042716877,
3308.222747046, 1.043110173,
3308.243182617, 1.044220458,
3308.284053859, 1.034145822,
3308.304489330, 1.032948695,
3308.324925000, 1.032451047,
3308.345360570, 1.027008624,
3308.365796140, 1.020616541,
3308.386231710, 1.016047660,
3308.406667179, 1.013269234,
3308.427102849, 1.010158522,
3308.447538417, 1.009398465,
3308.467973886, 1.007962963,
3308.488409555, 1.006978943,
3308.508845123, 1.004951498,
3308.529280591, 1.003685387,
3308.549716259, 0.992908410,
3308.570151827, 0.987586901,
3308.590587294, 0.999092264,
3308.611022962, 1.013248874,
3308.631458529, 1.016872260,
3308.651894096, 1.017612878,
3308.672329662, 1.018453835,
3308.692765229, 1.018934674,
3308.713200795, 1.016529676,
3308.733636361, 1.016787214,
3308.774507492, 1.023671541,
3308.794943157, 1.029325021,
3308.815378622, 1.028442901,
3308.835814187, 1.026019323,
3308.856249851, 1.024921647,
3308.897120880, 1.023261478,
3308.917556544, 1.023336837,
3308.937992007, 1.024321225,
3308.958427571, 1.023852763,
3308.978863234, 1.024708394,
3309.019734260, 1.059923279,
3309.040169922, 1.059435674,
3309.060605385, 1.059367676,
3309.081041047, 1.057735852,
3309.101476609, 1.054620987,
3309.121912070, 1.049711004,
3309.142347732, 1.039410107,
3309.162783293, 1.035700312,
3309.183218754, 1.037473576,
3309.203654415, 1.034911718,
3309.224089975, 1.027769515,
3309.244525435, 1.025206567,
3309.264961095, 1.023508962,
3309.285396655, 1.022046380,
3309.305832115, 1.020771470,
3309.326267774, 1.019001551,
3309.346703333, 1.014544571,
3309.367138792, 1.011100747,
3309.387574451, 1.009463102,
3309.408010009, 1.010274124,
3309.428445467, 1.012691501,
3309.448881125, 1.008385287,
3309.469316683, 0.994095968,
3309.510187798, 1.022111327,
3309.530623355, 1.025551007,
3309.551058911, 1.027347671,
3309.571494468, 1.024364351,
3309.591930024, 1.022675106,
3309.612365580, 1.017435058,
3309.632801236, 1.008472403,
3309.653236692, 1.012865915,
3309.673672247, 1.014929259,
3309.694107902, 1.013449477,
3309.714543357, 1.016624168,
3309.734978912, 1.018177659,
3309.755414566, 1.041337995,
3309.775850020, 1.020985418,
3309.796285574, 1.025553625,
3309.816721228, 1.028672469,
3309.837156682, 1.032276334,
3309.857592335, 1.033368958,
3309.878027888, 1.037524661,
3309.898463341, 1.040292654,
3309.918898993, 1.040422372,
3309.939334445, 1.040758649,
3309.959769997, 1.043118201,
3309.980205649, 1.046060332,
3310.000641201, 1.044921815,
3310.021076652, 1.044491408,
3310.041512303, 1.046644455,
3310.061947854, 1.045445082,
3310.082383305, 1.047822093,
3310.102818955, 1.049023712,
3310.123254505, 1.044443857,
3310.143689955, 1.040003854,
3310.164125605, 1.033517787,
3310.184561154, 1.026660042,
3310.204996603, 1.022480497,
3310.245867801, 1.030750557,
3310.266303249, 1.029011752,
3310.286738898, 1.026701754,
3310.307174446, 1.026333835,
3310.327609993, 1.024214533,
3310.348045541, 1.026019489,
3310.368481088, 1.005583174,
3310.388916635, 0.995994628,
3310.409352182, 0.997873132,
3310.429787728, 1.009781892,
3310.450223275, 1.009646524,
3310.470658921, 1.009887316,
3310.491094366, 1.009120130,
3310.511529912, 1.009566048,
3310.531965557, 1.011844227,
3310.552401002, 1.012036596,
3310.572836547, 1.020938573,
3310.593272191, 1.017785806,
3310.613707636, 1.021865323,
3310.634143280, 1.024498507,
3310.654578723, 1.023162643,
3310.675014267, 1.026856901,
3310.695449910, 1.025072277,
3310.715885353, 1.025770447,
3310.736320896, 1.029406834,
3310.756756539, 1.032612834,
3310.777191981, 1.035468771,
3310.797627523, 1.036020795,
3310.818063165, 1.037332046,
3310.838498706, 1.040558714,
3310.858934147, 1.040011581,
3310.879369789, 1.043517056,
3310.899805329, 1.042176450,
3310.920240770, 1.042178300,
3310.940676410, 1.041322001,
3310.961111950, 1.039969264,
3310.981547390, 1.039408965,
3311.001983030, 1.039626930,
3311.022418569, 1.035951253,
3311.042854008, 1.034999752,
3311.063289647, 1.034194924,
3311.083725185, 1.033237595,
3311.104160624, 1.030762106,
3311.124596262, 1.027894701,
3311.145031799, 1.028682696,
3311.165467337, 1.028744025,
3311.185902874, 1.026765293,
3311.226773948, 1.003446800,
3311.247209484, 1.004103884,
3311.267645021, 1.002033676,
3311.288080557, 0.990276525,
3311.328951628, 0.997881198,
3311.349387163, 1.007570815,
3311.369822698, 1.012310292,
3311.390258232, 1.017125622,
3311.410693867, 1.021751749,
3311.431129401, 1.029737814,
3311.472000469, 1.010321250,
3311.492435902, 1.014172082,
3311.512871435, 1.016527014,
3311.533307068, 1.019966567,
3311.553742501, 1.023382099,
3311.574178033, 1.026909704,
3311.594613665, 1.030698951,
3311.615049097, 1.035220477,
3311.635484629, 1.038781617,
3311.676355791, 1.051659786,
3311.717226853, 1.035709840,
3311.737662383, 1.038666937,
3311.758097813, 1.038207766,
3311.778533443, 1.040019994,
3311.798968972, 1.040206359,
3311.819404401, 1.040884211,
3311.839840030, 1.040921687,
3311.860275559, 1.040512948,
3311.880710988, 1.040785397,
3311.901146616, 1.038705210,
3311.921582144, 1.037224350,
3311.962453199, 1.033934132,
3311.982888726, 1.037610547,
3312.003324253, 1.032863221,
3312.023759779, 1.026751284,
3312.044195306, 1.019070190,
3312.064630832, 1.014900300,
3312.085066358, 1.010063128,
3312.105501883, 1.004644792,
3312.125937408, 1.008578131,
3312.146373034, 1.005981500,
3312.166808458, 1.006660452,
3312.187243983, 1.002478221,
3312.207679507, 0.989071307,
3312.228115031, 0.986974956,
3312.248550455, 0.999601901,
3312.268986078, 1.005066797,
3312.289421601, 1.006269742,
3312.309857224, 1.008015998,
3312.330292647, 1.007596869,
3312.350728169, 1.008784670,
3312.371163791, 1.009847115,
3312.391599213, 1.013260610,
3312.412034734, 1.012703437,
3312.452905777, 1.037662934,
3312.473341297, 1.032289436,
3312.493776918, 1.027040505,
3312.514212438, 1.024582758,
3312.534647858, 1.023596936,
3312.555083477, 1.022277483,
3312.575518997, 1.026911221,
3312.595954416, 1.032900876,
3312.616390035, 1.038383459,
3312.636825553, 1.044778853,
3312.657260971, 1.049997698,
3312.677696589, 1.045005242,
3312.698132107, 1.044427676,
3312.718567525, 1.044048994,
3312.739003142, 1.041985243,
3312.759438659, 1.041259486,
3312.779874075, 1.040985471,
3312.800309692, 1.043341382,
3312.820745208, 1.036617404,
3312.841180724, 1.033918848,
3312.861616239, 1.030892690,
3312.882051754, 1.027290393,
3312.902487269, 1.025137497,
3312.922922784, 1.021508850,
3312.943358299, 1.017831126,
3312.963793813, 1.015151689,
3312.984229327, 1.012133369,
3313.004664840, 1.011083239,
3313.025100253, 1.009062275,
3313.045535867, 1.007417939,
3313.065971379, 1.009037512,
3313.086406792, 1.010332747,
3313.106842404, 1.003943837,
3313.127277916, 0.999572756,
3313.147713527, 1.009170508,
3313.188584450, 1.005882756,
3313.209020061, 0.999298829,
3313.229455471, 0.999487821,
3313.249890981, 1.006214458,
3313.270326591, 1.011359737,
3313.290762001, 1.020149147,
3313.311197510, 1.019569321,
3313.352068628, 1.015896182,
3313.372504037, 1.020765189,
3313.392939645, 1.024275147,
3313.433810561, 1.026059495,
3313.454246168, 1.031937986,
3313.474681676, 1.035675978,
3313.495117082, 1.034575593,
3313.515552689, 1.035660766,
3313.535988195, 1.036800735,
3313.556423601, 1.037935712,
3313.576859207, 1.037921075,
3313.597294712, 1.038495363,
3313.617730118, 1.040932729,
3313.638165722, 1.040664597,
3313.658601227, 1.039819033,
3313.699472235, 1.038509344,
3313.719907739, 1.036347565,
3313.740343143, 1.034100033,
3313.760778746, 1.032822164,
3313.781214249, 1.033562230,
3313.801649751, 1.032508227,
3313.822085253, 1.030334980,
3313.842520756, 1.028420908,
3313.862956157, 1.030029396,
3313.883391759, 1.030154273,
3313.924262661, 1.009359384,
3313.944698261, 1.008464735,
3313.965133762, 1.006803483,
3313.985569161, 1.005446427,
3314.006004761, 1.006404724,
3314.026440261, 0.991104271,
3314.046875860, 0.988213630,
3314.067311259, 0.998109440,
3314.087746757, 1.008038219,
3314.108182356, 1.009624359,
3314.128617753, 1.014229522,
3314.169488848, 1.010414323,
3314.189924346, 1.007080854,
3314.210359742, 1.008336304,
3314.230795339, 1.010940535,
3314.251230835, 1.012495219,
3314.271666231, 1.015879365,
3314.292101826, 1.017565928,
3314.312537322, 1.021874006,
3314.332972717, 1.024973364,
3314.353408311, 1.028438008,
3314.373843806, 1.031197357,
3314.414714794, 1.041890258,
3314.435150288, 1.038038481,
3314.455585681, 1.038386914,
3314.476021274, 1.038938852,
3314.496456666, 1.039581955,
3314.516892259, 1.044460171,
3314.537327751, 1.042854657,
3314.557763143, 1.038698598,
3314.578198634, 1.036049082,
3314.598634225, 1.037564936,
3314.619069716, 1.036185438,
3314.639505107, 1.034146428,
3314.659940697, 1.029508684,
3314.680376187, 1.028619470,
3314.700811577, 1.027215833,
3314.721247166, 1.026237634,
3314.741682655, 1.025436607,
3314.762118044, 1.024203392,
3314.782553633, 1.021932720,
3314.802989121, 1.020248524,
3314.823424509, 1.020675620,
3314.843860096, 1.022111637,
3314.864295584, 1.025970113,
3314.905166557, 1.033477712,
3314.925602044, 1.021980102,
3314.946037530, 0.999228635,
3314.966473016, 0.997753542,
3314.986908501, 1.009831972,
3315.007344086, 1.015474827,
3315.027779571, 1.013101713,
3315.048214956, 1.012207456,
3315.068650540, 1.011374064,
3315.089086024, 1.012762364,
3315.109521408, 1.012396805,
3315.129956991, 1.009915204,
3315.150392474, 1.009797948,
3315.170827857, 1.014110296,
3315.191263440, 1.018763652,
3315.211698922, 1.019528262,
3315.232134303, 1.019102230,
3315.252569885, 1.021825813,
3315.273005266, 1.026460745,
3315.293440747, 1.032297595,
3315.313876328, 1.035009367,
3315.334311708, 1.036375720,
3315.354747188, 1.038485784,
3315.416053627, 1.036901632,
3315.436489205, 1.037398812,
3315.456924684, 1.039836967,
3315.477360062, 1.041028702,
3315.497795640, 1.037604755,
3315.518231117, 1.033930909,
3315.538666495, 1.031869508,
3315.559102071, 1.028109548,
3315.579537548, 1.027842561,
3315.599972924, 1.027374204,
3315.620408501, 1.027655348,
3315.640843976, 1.026527578,
3315.661279352, 1.025277073,
3315.681714927, 1.022205772,
3315.702150401, 1.018251831,
3315.722585876, 1.018104375,
3315.743021350, 1.013640906,
3315.763456824, 1.012696234,
3315.783892297, 1.010448140,
3315.804327771, 1.009588639,
3315.824763244, 1.004865495,
3315.845198716, 0.988286664,
3315.886069660, 0.995793725,
3315.967811545, 1.004448236,
3315.988247016, 1.009404103,
3316.008682486, 1.009252081,
3316.029117955, 1.010736063,
3316.049553525, 1.013310289,
3316.069988894, 1.015867908,
3316.090424463, 1.019173068,
3316.131295300, 1.016153415,
3316.151730868, 1.018894547,
3316.172166235, 1.023833311,
3316.192601702, 1.028456117,
3316.213037269, 1.032788903,
3316.233472636, 1.034605201,
3316.253908102, 1.037498218,
3316.274343668, 1.040218542,
3316.294779134, 1.041554407,
3316.315214499, 1.039581505,
3316.335650064, 1.039289167,
3316.376520893, 1.045699330,
3316.396956457, 1.042573238,
3316.417391921, 1.041343417,
3316.437827284, 1.038359087,
3316.458262847, 1.033914279,
3316.478698310, 1.029429530,
3316.499133673, 1.026005790,
3316.519569235, 1.026156652,
3316.540004697, 1.026348400,
3316.560440158, 1.024166771,
3316.580875619, 1.021159487,
3316.601311080, 1.015144685,
3316.621746541, 1.010906374,
3316.642182001, 1.008101388,
3316.662617461, 1.007421997,
3316.683052921, 1.011346649,
3316.703488480, 1.011400082,
3316.723923839, 1.010309628,
3316.744359297, 1.008299344,
3316.764794856, 0.995113344,
3316.785230213, 0.990945416,
3316.805665671, 1.001318204,
3316.826101129, 1.007227188,
3316.866971942, 1.008658103,
3316.887407499, 1.011275307,
3316.907842954, 1.014819524,
3316.928278410, 1.015665638,
3316.948713866, 1.016151088,
3316.969149320, 1.017485531,
3316.989584775, 1.018346637,
3317.010020230, 1.021227840,
3317.030455684, 1.022778506,
3317.050891137, 1.020804210,
3317.071326591, 1.020062729,
3317.091762044, 1.025740499,
3317.112197497, 1.031362693,
3317.132633049, 1.031069235,
3317.153068401, 1.030012570,
3317.173503853, 1.031020701,
3317.193939404, 1.032145213,
3317.214374755, 1.035749543,
3317.234810306, 1.040041577,
3317.255245757, 1.041013393,
3317.275681107, 1.041591601,
3317.296116656, 1.042293020,
3317.316552106, 1.041885772,
3317.377858452, 1.035616175,
3317.398293900, 1.031224815,
3317.418729348, 1.027252483,
3317.439164796, 1.025896105,
3317.459600243, 1.026554042,
3317.480035690, 1.025406975,
3317.500471136, 1.017945633,
3317.520906582, 1.014212161,
3317.541342028, 1.012385493,
3317.561777473, 1.010807145,
3317.582212818, 1.008763516,
3317.602648363, 1.009282681,
3317.623083808, 1.010943220,
3317.643519152, 1.009304718,
3317.663954696, 1.003877419,
3317.684390139, 0.991505709,
3317.704825482, 0.992482153,
3317.725261025, 1.007328725,
3317.745696468, 1.009261377,
3317.766131910, 1.009672660,
3317.786567351, 1.009691408,
3317.807002793, 1.007374292,
3317.847873675, 1.013235041,
3317.868309115, 1.013527883,
3317.888744555, 1.011414397,
3317.909179995, 1.012456876,
3317.929615434, 1.015412272,
3317.950050874, 1.020962510,
3317.970486412, 1.026173717,
3317.990921751, 1.026470178,
3318.011357189, 1.025441484,
3318.031792726, 1.029626024,
3318.052228064, 1.029780574,
3318.072663501, 1.031326443,
3318.093099038, 1.033797902,
3318.113534374, 1.038381182,
3318.133969810, 1.039508721,
3318.154405346, 1.041202660,
3318.174840681, 1.042393446,
3318.195276116, 1.041991937,
3318.215711651, 1.043014089,
3318.256582419, 1.039832196,
3318.277017953, 1.036834192,
3318.297453286, 1.035552007,
3318.338324252, 1.032014438,
3318.358759684, 1.031897934,
3318.379195016, 1.032754495,
3318.399630547, 1.033271083,
3318.420065879, 1.028346283,
3318.440501409, 1.026223361,
3318.460936840, 1.021403795,
3318.481372170, 1.020616444,
3318.501807700, 1.019396981,
3318.522243129, 1.013620392,
3318.542678459, 1.009532947,
3318.563113987, 1.008200830,
3318.583549416, 0.993077778,
3318.603984844, 0.987762475,
3318.624420272, 0.997333268,
3318.644855699, 1.005520304,
3318.665291127, 1.002563172,
3318.685726553, 1.000791282,
3318.706161980, 0.999410365,
3318.726597406, 1.003849152,
3318.747032831, 1.006219780,
3318.767468257, 1.008882677,
3318.787903682, 1.012578130,
3318.808339206, 1.014192687,
3318.828774531, 1.017038360,
3318.849209955, 1.022273984,
3318.869645478, 1.025045565,
3318.890080801, 1.025690915,
3318.910516224, 1.027086281,
3318.930951747, 1.031503011,
3318.951387069, 1.030352253,
3318.971822491, 1.028874561,
3318.992258013, 1.024459784,
3319.012693334, 1.019484688,
3319.033128754, 1.014064788,
3319.073999695, 1.037154033,
3319.094435015, 1.042300098,
3319.114870434, 1.039229546,
3319.135305853, 1.034518965,
3319.155741272, 1.031776890,
3319.176176791, 1.033238830,
3319.196612109, 1.033589404,
3319.217047526, 1.033150273,
3319.237483043, 1.032547421,
3319.257918360, 1.029871072,
3319.278353777, 1.028939268,
3319.339660025, 1.020744122,
3319.360095540, 1.015580965,
3319.380530854, 1.010740860,
3319.400966269, 1.009948579,
3319.421401783, 1.009335624,
3319.441837197, 1.009948780,
3319.462272510, 1.010572679,
3319.482708023, 1.007040142,
3319.503143436, 0.992532651,
3319.523578748, 0.990758370,
3319.584884983, 1.009804739,
3319.605320494, 1.002954368,
3319.625755904, 1.003696304,
3319.646191415, 1.006122143,
3319.666626724, 1.007998581,
3319.687062134, 1.013145473,
3319.707497643, 1.015656622,
3319.748368360, 1.022233926,
3319.768803868, 1.025241052,
3319.789239176, 1.027625630,
3319.809674583, 1.029669256,
3319.830109990, 1.033183834,
3319.870980803, 1.035945777,
3319.891416209, 1.036388073,
3319.911851614, 1.035532690,
3319.932287019, 1.035141490,
3319.952722424, 1.033434554,
3319.973157828, 1.034775888,
3319.993593232, 1.033495469,
3320.014028736, 1.033672643,
3320.054899442, 1.019995361,
3320.075334945, 1.020287679,
3320.095770247, 1.020891147,
3320.116205649, 1.020802077,
3320.136641151, 1.020245808,
3320.157076452, 1.019990788,
3320.177511852, 1.017584046,
3320.197947353, 1.023377319,
3320.218382653, 1.020972642,
3320.238818053, 1.019777703,
3320.259253552, 1.020130889,
3320.279688951, 1.019570436,
3320.300124249, 1.019238231,
3320.320559747, 1.020036949,
3320.340995145, 1.018306406,
3320.361430443, 1.019978549,
3320.381865940, 1.017901604,
3320.402301337, 1.008385044,
3320.422736633, 0.992247253,
3320.443172129, 0.991446265,
3320.463607525, 1.004489151,
3320.484042820, 1.002432782,
3320.504478315, 1.001236586,
3320.524913709, 1.000732878,
3320.545349004, 1.001292499,
3320.565784497, 1.005772131,
3320.586219891, 1.011335717,
3320.606655284, 1.016659109,
3320.627090677, 1.021947585,
3320.647526069, 1.026076029,
3320.667961361, 1.029677336,
3320.688396852, 1.026571502,
3320.708832244, 1.022472631,
3320.729267534, 1.020291588,
3320.749703025, 1.018761275,
3320.790573705, 1.028470116,
3320.811009194, 1.033816181,
3320.831444583, 1.038260451,
3320.851879872, 1.039386766,
3320.872315360, 1.039891419,
3320.892750748, 1.041711944,
3320.913186035, 1.042363694,
3320.933621522, 1.043245980,
3320.954056909, 1.042319139,
3320.974492295, 1.041068042,
3320.994927681, 1.039594237,
3321.015363067, 1.035934498,
3321.035798452, 1.032298121,
3321.056233837, 1.030279232,
3321.076669222, 1.024076153,
3321.097104706, 1.022429589,
3321.117540089, 1.016963419,
3321.137975373, 1.018377964,
3321.158410856, 1.024338064,
3321.178846238, 1.025694242,
3321.199281521, 1.028312334,
3321.219717002, 1.027462175,
3321.240152384, 1.019048387,
3321.281023146, 1.009976038,
3321.301458526, 1.009711222,
3321.321893806, 0.996420123,
3321.342329286, 0.990471408,
3321.362764665, 0.999821950,
3321.383199943, 1.010583851,
3321.403635422, 1.009628362,
3321.424070700, 1.012101711,
3321.444506178, 1.012458934,
3321.464941555, 1.010693007,
3321.485376832, 1.012159393,
3321.505812209, 1.016778982,
3321.526247685, 1.014600568,
3321.546683061, 1.015673513,
3321.567118336, 1.018193188,
3321.587553811, 1.018341534,
3321.607989186, 1.020181916,
3321.628424460, 1.021842886,
3321.648859934, 1.024014140,
3321.669295307, 1.025129969,
3321.689730580, 1.030967363,
3321.710166053, 1.030984377,
3321.730601426, 1.038355122,
3321.771472169, 1.021402055,
3321.791907540, 1.019965794,
3321.812342911, 1.021014200,
3321.832778282, 1.024065371,
3321.853213651, 1.023619568,
3321.873649021, 1.024392076,
3321.894084391, 1.025183689,
3321.914519759, 1.024542246,
3321.934955128, 1.022543852,
3321.955390596, 1.024033469,
3321.975825864, 1.026647813,
3321.996261231, 1.027452577,
3322.016696698, 1.024630933,
3322.037131965, 1.024491868,
3322.057567331, 1.025953906,
3322.078002797, 1.024158595,
3322.098438062, 1.025020873,
3322.118873427, 1.022510677,
3322.139308892, 1.030295930,
3322.159744156, 1.019180637,
3322.180179520, 1.015543475,
3322.200614883, 1.014831099,
3322.221050246, 1.009761988,
3322.241485609, 0.992101967,
3322.261920971, 0.987674688,
3322.282356333, 1.000131748,
3322.302791695, 1.002015625,
3322.323227056, 1.000020728,
3322.343662417, 0.998911680,
3322.364097777, 1.001467516,
3322.384533237, 1.006251789,
3322.404968497, 1.011200938,
3322.425403856, 1.017056452,
3322.445839315, 1.022457051,
3322.466274573, 1.025356119,
3322.507145389, 1.026759301,
3322.527580646, 1.028105461,
3322.548016003, 1.031141289,
3322.568451459, 1.031292563,
3322.588886715, 1.032718091,
3322.609322071, 1.030466210,
3322.629757526, 1.030480373,
3322.650192881, 1.034542576,
3322.670628236, 1.029996848,
3322.691063590, 1.033666589,
3322.711498943, 1.038989206,
3322.752369650, 1.016333560,
3322.772805002, 1.017739821,
3322.793240454, 1.020183484,
3322.813675706, 1.019085328,
3322.834111057, 1.016859510,
3322.854546508, 1.014084906,
3322.874981759, 1.012809682,
3322.895417109, 1.011539330,
3322.915852459, 1.014214053,
3322.936287808, 1.014011777,
3322.956723157, 1.011359268,
3322.977158606, 1.011061759,
3322.997593854, 1.013001829,
3323.018029201, 1.012515676,
3323.038464549, 1.013996712,
3323.058899896, 1.014719260,
3323.079335242, 1.015286449,
3323.099770588, 1.014024826,
3323.120205934, 1.012932676,
3323.140641280, 1.003572769,
3323.161076625, 0.991936196,
3323.181511969, 0.993173212,
3323.201947313, 1.008282967,
3323.263253343, 1.009638816,
3323.283688786, 1.010482190,
3323.304124028, 1.011412247,
3323.324559370, 1.012665352,
3323.344994811, 1.015054833,
3323.365430052, 1.015656181,
3323.385865393, 1.018562515,
3323.406300833, 1.018657549,
3323.426736073, 1.017748931,
3323.447171412, 1.021564015,
3323.488042189, 1.034556671,
3323.508477428, 1.032134209,
3323.528912865, 1.032084790,
3323.549348203, 1.032359906,
3323.569783440, 1.031871400,
3323.590218876, 1.033100883,
3323.610654212, 1.029889111,
3323.631089448, 1.031925019,
3323.651524883, 1.037466253,
3323.671960218, 1.039045060,
3323.692395453, 1.042143361,
3323.733266220, 1.032207590,
3323.753701454, 1.032783143,
3323.774136887, 1.033754376,
3323.794572119, 1.033092335,
3323.815007451, 1.033042894,
3323.835442883, 1.029815699,
3323.855878114, 1.027331974,
3323.876313445, 1.026508984,
3323.896748875, 1.023414836,
3323.917184205, 1.019920776,
3323.937619435, 1.017371710,
3323.958054864, 1.011564465,
3323.978490193, 1.009361144,
3323.998925421, 1.006234260,
3324.019360849, 1.004935555,
3324.039796177, 1.006590112,
3324.060231404, 0.996694453,
3324.080666831, 0.991055464,
3324.101102157, 1.004084337,
3324.121537383, 1.014762568,
3324.141972809, 1.016587936,
3324.162408134, 1.012417132,
3324.182843358, 1.010771222,
3324.223714107, 1.006303609,
3324.244149430, 1.008610613,
3324.264584753, 1.011706043,
3324.285020076, 1.011208752,
3324.305455398, 1.012420252,
3324.325890820, 1.011706526,
3324.346326041, 1.012317213,
3324.366761362, 1.015174938,
3324.387196783, 1.018078304,
3324.407632003, 1.019005856,
3324.428067323, 1.018714394,
3324.448502742, 1.020269581,
3324.468937961, 1.026545751,
3324.489373379, 1.030667468,
3324.509808598, 1.032411563,
3324.530243915, 1.031374093,
3324.550679332, 1.029447721,
3324.571114549, 1.023160370,
3324.591549866, 1.018356123,
3324.611985282, 1.020430587,
3324.632420497, 1.021000893,
3324.652855813, 1.021002367,
3324.673291227, 1.020604502,
3324.714161755, 1.028028042,
3324.734597169, 1.024222430,
3324.755032482, 1.023115710,
3324.775467695, 1.016977272,
3324.795903107, 1.013218506,
3324.816338419, 1.011590975,
3324.836773630, 1.008858105,
3324.857209041, 1.004606155,
3324.877644352, 1.002445166,
3324.898079562, 1.004861744,
3324.918514972, 1.006202158,
3324.959385490, 1.028882665,
3324.979820899, 1.013662804,
3325.000256207, 1.013395559,
3325.020691414, 1.027099239,
3325.041126821, 1.026966177,
3325.061562128, 1.022476760,
3325.081997435, 1.017964070,
3325.102432740, 1.015674467,
3325.122868046, 1.018714120,
3325.143303351, 1.024875288,
3325.163738756, 1.017018465,
3325.204609264, 1.030875370,
3325.225044668, 1.029737112,
3325.245479871, 1.028312739,
3325.265915173, 1.024859816,
3325.286350475, 1.024485283,
3325.306785777, 1.028009535,
3325.327221078, 1.029924496,
3325.347656379, 1.032227421,
3325.368091680, 1.033391644,
3325.388526879, 1.033813566,
3325.408962279, 1.036262691,
3325.429397578, 1.033680977,
3325.449832877, 1.030004224,
3325.470268176, 1.028881218,
3325.490703474, 1.026495247,
3325.511138771, 1.026815108,
3325.531574068, 1.025579514,
3325.552009365, 1.025118549,
3325.572444661, 1.023384715,
3325.592880056, 1.021436417,
3325.613315252, 1.018947602,
3325.633750547, 1.014546582,
3325.654185941, 1.012614420,
3325.674621136, 1.010915374,
3325.695056429, 1.010670447,
3325.715491822, 1.013583087,
3325.735927015, 1.013432715,
3325.756362307, 1.012936466,
3325.776797699, 1.013221710,
3325.797232891, 1.009756434,
3325.817668182, 1.055152857,
3325.838103572, 1.008210919,
3325.858538763, 1.007035308,
3325.878974053, 0.993737479,
3325.899409442, 0.976251543,
3325.940279919, 1.015828570,
3325.960715307, 1.015761914,
3325.981150595, 1.018601525,
3326.001585782, 1.021292531,
3326.022021169, 1.016028138,
3326.042456455, 1.010923064,
3326.062891641, 1.007870650,
3326.083327027, 1.012225382,
3326.103762212, 1.014007196,
3326.124197496, 1.017074827,
3326.144632881, 1.019595613,
3326.165068064, 1.021802193,
3326.185503347, 1.022908070,
3326.205938730, 1.022186561,
3326.226373913, 1.024424427,
3326.246809195, 1.023263315,
3326.267244576, 1.024127385,
3326.287679858, 1.025424191,
3326.308115138, 1.026140308,
3326.328550418, 1.026806184,
3326.348985698, 1.026735996,
3326.369420978, 1.023980731,
3326.389856257, 1.024576981,
3326.410291535, 1.023284628,
3326.430726913, 1.021756493,
3326.451162091, 1.021744001,
3326.471597368, 1.019461857,
3326.492032745, 1.020536633,
3326.512467921, 1.021700226,
3326.532903197, 1.020818900,
3326.553338572, 1.021671158,
3326.573773747, 1.020846737,
3326.594209022, 1.019295397,
3326.614644396, 1.018392476,
3326.635079570, 1.014164940,
3326.675950216, 1.033835332,
3326.696385388, 1.028947861,
3326.716820660, 1.024680181,
3326.737256032, 1.022576854,
3326.757691303, 1.022284047,
3326.778126474, 1.021774900,
3326.798561844, 1.008604701,
3326.818997114, 1.002561699,
3326.839432283, 1.009797458,
3326.859867652, 1.015665387,
3326.880302820, 1.006197832,
3326.900738088, 1.002893102,
3326.921173456, 1.006367880,
3326.941608623, 1.005786677,
3326.962043890, 1.007967155,
3326.982479256, 1.010016039,
3327.002914421, 1.010871744,
3327.023349687, 1.010573916,
3327.043785052, 1.008954599,
3327.064220216, 1.012269990,
3327.105090844, 1.018760178,
3327.125526107, 1.019322526,
3327.166396632, 1.022493236,
3327.186831893, 1.024028677,
3327.207267055, 1.025144722,
3327.227702416, 1.025173047,
3327.248137676, 1.033011564,
3327.268572836, 1.022017937,
3327.289008196, 1.020781486,
3327.309443455, 1.021906875,
3327.329878614, 1.020120643,
3327.350313972, 1.019364244,
3327.370749230, 1.019467077,
3327.411619744, 1.034218176,
3327.432055000, 1.029490743,
3327.452490256, 1.026123337,
3327.472925512, 1.024041088,
3327.493360767, 1.022732527,
3327.513796022, 1.024438324,
3327.534231276, 1.022884624,
3327.554666529, 1.019510820,
3327.575101783, 1.019337016,
3327.595537035, 1.017982820,
3327.615972288, 1.014642160,
3327.636407540, 1.013725333,
3327.656842792, 1.009463891,
3327.677278042, 1.007319531,
3327.697713293, 1.001035103,
3327.718148543, 0.981330864,
3327.738583793, 0.978764347,
3327.759018942, 0.994336242,
3327.779454291, 0.996511051,
3327.799889539, 0.998108115,
3327.820324787, 0.999222538,
3327.840760035, 0.998863993,
3327.861195282, 0.998566890,
3327.881630528, 1.000829050,
3327.902065774, 1.004350282,
3327.922501020, 1.005537428,
3327.942936265, 1.007266381,
3327.963371610, 1.009729602,
3327.983806754, 1.010074059,
3328.004241998, 1.012191670,
3328.024677342, 1.016284359,
3328.045112484, 1.020264176,
3328.085983069, 1.024957293,
3328.106418210, 1.026969523,
3328.147288792, 1.027990338,
3328.167723932, 1.024563509,
3328.188159172, 1.022608990,
3328.208594511, 1.024810097,
3328.229029650, 1.024175945,
3328.249464888, 1.023492428,
3328.269900226, 1.023861671,
3328.290335464, 1.022543014,
3328.310770601, 1.022136881,
3328.331205937, 1.020021115,
3328.351641174, 1.017582090,
3328.372076309, 1.017161795,
3328.392511644, 1.013308220,
3328.412946879, 1.015369079,
3328.433382013, 1.011877775,
3328.453817347, 1.011357771,
3328.474252480, 1.009961255,
3328.494687713, 1.008422165,
3328.515123046, 1.008824635,
3328.535558178, 1.008337870,
3328.555993509, 1.005901430,
3328.576428740, 1.004388498,
3328.596863871, 1.002929940,
3328.617299201, 0.992973773,
3328.637734431, 0.981127600,
3328.658169660, 0.987314360,
3328.678604888, 1.000064320,
3328.699040117, 1.017212956,
3328.719475345, 1.001573198,
3328.739910572, 1.002513117,
3328.760345799, 1.004133065,
3328.780781025, 1.005028315,
3328.801216351, 1.006189586,
3328.842086702, 1.006550544,
3333.072168415, 1.015809930,
3333.092603539, 1.011694571,
3333.113038562, 1.009445520,
3333.133473786, 1.007681222,
3333.153908809, 1.006054147,
3333.194779152, 0.986162251,
3333.215214174, 0.982896682,
3333.235649294, 0.997414734,
3333.256084515, 0.997477615,
3333.276519534, 0.997224902,
3333.296954654, 0.995882717,
3333.317389872, 0.995901894,
3333.337824890, 0.996450251,
3333.358260008, 0.998787855,
3333.378695225, 1.001419792,
3333.399130342, 1.003542336,
3333.419565358, 1.004911185,
3333.440000574, 1.006416050,
3333.460435689, 1.008736533,
3333.480870703, 1.009022508,
3333.501305918, 1.009211946,
3333.521741031, 1.008968299,
3333.542176044, 1.009922289,
3333.562611257, 1.009497725,
3333.583046369, 1.009277240,
3333.603481380, 1.010156291,
3333.623916591, 1.008297556,
3333.644351702, 1.008147840,
3333.664786712, 1.006908773,
3333.685221921, 1.009097303,
3333.705657031, 1.006618610,
3333.746527247, 1.006336244,
3333.787397461, 1.008457442,
3333.807832668, 1.009397659,
3333.828267674, 1.009271291,
3333.848702779, 1.009347355,
3333.869137984, 1.020536284,
3333.889572988, 1.008843902,
3333.910008092, 1.008442201,
3333.930443196, 1.008467950,
3333.950878298, 1.009069672,
3333.971313400, 1.008641785,
3333.991748503, 1.005897737,
3334.032618604, 1.011893177,
3334.053053805, 1.010096354,
3334.073488905, 1.008120865,
3334.093924104, 0.996013567,
3334.114359103, 0.987462148,
3334.134794201, 0.990019880,
3334.155229398, 0.994955931,
3334.175664396, 0.993392048,
3334.196099492, 0.997253719,
3334.216534688, 1.000925630,
3334.236969784, 1.002013208,
3334.257404779, 1.005640051,
3334.277839974, 1.007235991,
3334.298275068, 1.008336281,
3334.318710061, 1.009380402,
3334.339145254, 1.009391576,
3334.359580347, 1.009511695,
3334.380015339, 1.010979337,
3334.400450530, 1.011972544,
3334.420885621, 1.011895739,
3334.441320611, 1.013691282,
3334.461755801, 1.011049981,
3334.482190891, 1.010748587,
3334.502625879, 1.009605588,
3334.523061068, 1.007905686,
3334.543496156, 1.010169282,
3334.563931243, 1.009139922,
3334.584366330, 1.008854630,
3334.604801416, 1.006394817,
3334.625236502, 1.006223040,
3334.645671587, 1.006699431,
3334.666106672, 1.005963677,
3334.686541756, 1.007032811,
3334.706976840, 1.009549886,
3334.727411923, 1.015009823,
3334.768282087, 1.017343541,
3334.788717169, 1.021568219,
3334.809152150, 1.022336476,
3334.829587331, 1.023648072,
3334.850022410, 1.023499180,
3334.870457390, 1.020039474,
3334.890892569, 1.014228717,
3334.911327647, 1.009622607,
3334.931762725, 1.006089731,
3334.952197803, 1.003040529,
3334.972632879, 0.999241446,
3335.013503032, 0.982981258,
3335.033938107, 0.979331075,
3335.054373182, 0.993081436,
3335.074808356, 0.998005992,
3335.095243330, 1.000162608,
3335.115678403, 1.001145183,
3335.136113575, 1.003219088,
3335.156548547, 1.003298117,
3335.176983619, 1.004231487,
3335.197418790, 1.006989249,
3335.217853761, 1.007015803,
3335.238288831, 1.008470347,
3335.258724000, 1.006641180,
3335.279158969, 1.010909566,
3335.299594038, 1.011053366,
3335.320029205, 1.012731794,
3335.340464173, 1.012531780,
3335.360899240, 1.012530356,
3335.381334406, 1.011222027,
3335.401769472, 1.009184028,
3335.422204437, 1.008321262,
3335.442639602, 1.007157859,
3335.463074666, 1.006806281,
3335.483509630, 1.006033216,
3335.503944793, 1.006877117,
3335.524379756, 1.007241286,
3335.544814817, 1.007460000,
3335.565249979, 1.008281070,
3335.585684940, 1.008514478,
3335.606120001, 1.008768428,
3335.626555160, 1.009785065,
3335.646990120, 1.009560079,
3335.667425179, 1.011881518,
3335.687860337, 1.011581599,
3335.708295295, 1.011164790,
3335.749165509, 1.022135268,
3335.769600565, 1.018160114,
3335.790035521, 1.058838124,
3335.810470676, 1.012394565,
3335.830905731, 1.008019722,
3335.851340685, 1.005747584,
3335.871775839, 1.000800275,
3335.892210892, 0.996609182,
3335.912645844, 0.986728853,
3335.933080996, 0.972879154,
3335.953516048, 0.974242929,
3335.973950999, 0.988359470,
3336.014821199, 0.990794790,
3336.035256148, 0.990578732,
3336.055691297, 0.990773327,
3336.076126345, 0.993007622,
3336.096561393, 0.998314752,
3336.116996440, 1.002687682,
3336.137431487, 1.003167871,
3336.157866533, 1.003911378,
3336.178301578, 1.005238671,
3336.198736623, 1.004191300,
3336.239606712, 1.016307191,
3336.260041755, 1.019121507,
3336.280476798, 1.019526519,
3336.300911840, 1.020562041,
3336.321346882, 1.013761556,
3336.341781924, 1.011631507,
3336.362216964, 1.009807539,
3336.382652004, 1.006939697,
3336.403086944, 1.006622685,
3336.423522083, 1.008245789,
3336.443957122, 1.008344913,
3336.464392160, 1.008050194,
3336.484827197, 1.006863839,
3336.505262234, 1.007982580,
3336.525697271, 1.005767433,
3336.546132306, 1.008410327,
3336.566567342, 1.010860141,
3336.587002377, 1.017513879,
3336.607437511, 1.015336301,
3336.627872445, 1.014777912,
3336.648307478, 1.012325251,
3336.668742610, 1.014872599,
3336.689177542, 1.009437879,
3336.730047705, 1.010374329,
3336.750482636, 1.011047332,
3336.770917665, 1.010228942,
3336.791352795, 1.008781829,
3336.811787724, 1.008200180,
3336.832222852, 0.989640331,
3336.852657880, 0.977766723,
3336.873092807, 0.985100468,
3336.893527934, 0.994109462,
3336.913962960, 0.992741617,
3336.934397986, 0.992654660,
3336.975268035, 1.006403297,
3336.995703059, 1.010190013,
3337.016138083, 1.012889853,
3337.036573105, 1.017321043,
3337.057008128, 1.012872585,
3337.077443149, 1.009545080,
3337.097878171, 1.014082864,
3337.118313091, 1.017219963,
3337.138748212, 1.016466843,
3337.159183231, 1.020393750,
3337.179618150, 1.018652552,
3337.200053269, 1.013988374,
3337.220488287, 1.013153340,
3337.240923204, 1.011354163,
3337.261358321, 1.008703739,
3337.281793338, 1.008211673,
3337.302228353, 1.004781062,
3337.322663368, 1.006363931,
3337.343098383, 1.007564311,
3337.363533397, 1.006184748,
3337.383968411, 1.006912078,
3337.404403424, 1.008135006,
3337.424838437, 1.008213209,
3337.465708460, 1.027182725,
3337.486143471, 1.028602471,
3337.506578581, 1.021602833,
3337.527013491, 1.019809496,
3337.547448500, 1.019848483,
3337.567883609, 1.017561882,
3337.588318517, 1.014670622,
3337.608753525, 1.014977969,
3337.629188631, 1.012393611,
3337.649623538, 1.014978524,
3337.670058544, 1.012180153,
3337.690493649, 1.007374674,
3337.710928554, 1.004253487,
3337.731363558, 0.999521363,
3337.751798662, 0.982221180,
3337.772233665, 0.976207816,
3337.792668568, 0.991749683,
3337.813103670, 0.995666292,
3337.833538571, 0.995029344,
3337.853973573, 0.994573363,
3337.874408673, 0.995634051,
3337.894843573, 0.998188971,
3337.915278572, 1.001230883,
3337.956148569, 1.005057982,
3337.976583567, 1.004384286,
3337.997018664, 1.009336285,
3338.017453560, 1.011740553,
3338.037888556, 1.015979864,
3338.058323652, 1.017495615,
3338.078758547, 1.016177586,
3338.099193541, 1.016191037,
3338.119628635, 1.015198277,
3338.140063628, 1.012820761,
3338.160498521, 1.010864683,
3338.180933613, 1.012023811,
3338.201368605, 1.011670618,
3338.221803496, 1.008564296,
3338.242238586, 1.009535050,
3338.262673576, 1.012411449,
3338.283108465, 1.012373126,
3338.303543554, 1.006924151,
3338.323978542, 1.014272178,
3338.344413430, 1.023079656,
3338.364848517, 1.008921677,
3338.385283503, 1.009895592,
3338.405718490, 1.012125549,
3338.446588460, 1.022350098,
3338.467023444, 1.020543491,
3338.487458428, 1.017247630,
3338.507893411, 1.017686968,
3338.528328394, 1.014947241,
3338.548763376, 1.012353457,
3338.569198358, 1.006965239,
3338.589633339, 1.006461994,
3338.610068319, 1.004361606,
3338.630503299, 0.994591624,
3338.650938278, 0.996696449,
3338.691808235, 0.981018885,
3338.712243113, 0.996727045,
3338.732678190, 0.999071802,
3338.753113166, 0.998174318,
3338.773548043, 0.999540868,
3338.793983118, 0.999409207,
3338.814418093, 1.000506706,
3338.834853067, 1.003410341,
3338.855288041, 1.004440138,
3338.875723014, 1.006763343,
3338.896157987, 1.010154625,
3338.937027930, 1.012957070,
3338.957462901, 1.012436860,
3338.977897972, 1.012110443,
3338.998332841, 1.012697061,
3339.018767811, 1.011419096,
3339.039202879, 1.010461993,
3339.059637747, 1.009327004,
3339.080072715, 1.008731143,
3339.100507782, 1.009453247,
3339.120942648, 1.009531726,
3339.141377614, 1.012113488,
3339.182247544, 1.013295046,
3339.202682508, 1.013835566,
3339.223117572, 1.012944202,
3339.243552535, 1.016045058,
3339.263987397, 1.013892559,
3339.284422459, 1.015440696,
3339.304857421, 1.018336497,
3339.325292282, 1.019256214,
3339.345727342, 1.021319577,
3339.366162301, 1.018917018,
3339.386597161, 1.017981323,
3339.427467177, 1.013458183,
3339.447902034, 1.014060900,
3339.468337091, 1.015574069,
3339.488771948, 1.009727029,
3339.509206903, 1.007875260,
3339.529641958, 1.005387303,
3339.550076813, 1.001403287,
3339.570511867, 0.984317239,
3339.590946820, 0.977611979,
3339.611381673, 0.987099899,
3339.631816725, 0.994771550,
3339.672686629, 0.999733036,
3339.693121579, 1.001853699,
3339.713556529, 1.003715815,
3339.733991478, 1.006228307,
3339.754426427, 1.005812193,
3339.774861376, 1.005912837,
3339.795296324, 1.008032666,
3339.815731371, 1.010156348,
3339.836166217, 1.009437628,
3339.856601163, 1.011759654,
3339.877036209, 1.012998545,
3339.917905998, 1.008803287,
3339.938341042, 1.010087951,
3339.958775885, 1.010173482,
3339.979210828, 1.012291004,
3339.999645870, 1.008850696,
3340.020080711, 1.006551730,
3340.040515652, 1.010416199,
3340.060950692, 1.013622203,
3340.081385633, 1.012345336,
3340.101820472, 1.012957110,
3340.122255510, 1.013128227,
3340.142690448, 1.011083790,
3340.163125286, 1.014396374,
3340.183560323, 1.015477036,
3340.203995159, 1.016306655,
3340.224430095, 1.019518409,
3340.244865130, 1.020113572,
3340.265299965, 1.020154998,
3340.285734899, 1.018699232,
3340.326604765, 1.011470158,
3340.347039698, 1.010336642,
3340.367474729, 1.008652680,
3340.408344491, 1.003117719,
3340.428779521, 1.006350152,
3340.449214350, 1.004221145,
3340.469649279, 0.996213035,
3340.490084308, 0.983004712,
3340.510519236, 0.979458401,
3340.530954063, 0.992456830,
3340.551389089, 0.996786805,
3340.571824016, 0.996220593,
3340.592258841, 0.998196797,
3340.612693866, 1.001186050,
3340.653563614, 1.006502614,
3340.673998637, 1.009377831,
3340.694433559, 1.009698143,
3340.714868381, 1.011501060,
3340.735303403, 1.011748136,
3340.755738323, 1.009159333,
3340.776173244, 1.011772987,
3340.796608164, 1.011187345,
3340.817043083, 1.012193353,
3340.837478001, 1.013827836,
3340.857912919, 1.009889563,
3340.898782753, 1.008308423,
3340.919217670, 1.014425331,
3340.939652585, 1.015770400,
3340.960087500, 1.012513229,
3340.980522415, 1.011840775,
3341.000957328, 1.014026468,
3341.021392242, 1.014031775,
3341.041827155, 1.012726691,
3341.062262067, 1.015468562,
3341.082696878, 1.016878247,
3341.103131890, 1.017934719,
3341.144001610, 1.017051584,
3341.164436619, 1.018096958,
3341.184871528, 1.022676277,
3341.205306436, 1.026031135,
3341.225741343, 1.023533506,
3341.246176250, 1.021273098,
3341.266611157, 1.018613509,
3341.287046063, 1.014225602,
3341.307480968, 1.010171494,
3341.327915872, 1.006099799,
3341.348350876, 1.004601143,
3341.389220583, 0.993663599,
3341.409655585, 0.975434291,
3341.430090387, 0.981323567,
3341.450525288, 0.997141865,
3341.470960288, 1.001883612,
3341.491395088, 1.001600153,
3341.511829988, 1.002342382,
3341.532264986, 1.002399152,
3341.552699785, 1.002997673,
3341.573134682, 1.004399197,
3341.593569679, 1.006859131,
3341.634439372, 1.008914205,
3341.654874367, 1.006266644,
3341.675309262, 1.012316705,
3341.695744056, 1.014584808,
3341.716179049, 1.014922356,
3341.736613942, 1.013731497,
3341.757048735, 1.013314841,
3341.797918518, 1.010257950,
3341.818353408, 1.011694200,
3341.838788398, 1.010341868,
3341.879658076, 1.009881229,
3341.900093065, 1.013825359,
3341.920527852, 1.015440520,
3341.940962739, 1.015588377,
3341.961397726, 1.014936751,
3341.981832512, 1.014152980,
3342.002267497, 1.017218449,
